03699ebf1aabc7121188f9054eec1f8677066c7f494805d7e5393e159bfd5f12 6 6 2663 857
e9e5c8b009285454a5970ddd248387586b2670ada55716b9bcd918cba982490c 10 8 119 56
25c32d9dfae9a59d6491990b1c8de4c253c9afaed1f720474c3c0ec7694dbf2d 27 26 297 21
6c881954fa051b1cf3eae5d789247d7b7c47e84917607feb7a81fb16920b48b2 12 12 1233 99
77f979d3346a669a4d2d04b171013d0e0ab5df0e2ef24aab9f02caac3501ac50 1 0 0 0
ad640768cb90834f0c1b3db492223370112032bc76d7c37e532c100acaab1d8f 20 20 34438 14650
53fdea706bdfec85b41b51332babb99e5dafa910755f9b54c1b9f1c98998b5a1 7 0 0 0
b6bc5eef4e2fcdc9044c26ae357f315f6e465d1d5671f751694be1bdcc53f453 40 40 4330 2245
dd171ac4fc6cb478312046c29e7e1cb6d3b8014ab3549484de7c56af4778f126 2 2 1912 138
170cd59358c102094526df25322c2c5adba9f298b194daee4f33aa9c15596577 4 4 1597 174
3ad18065614d1210bae5a03ad8fe0971168911fc5b49960b865fd9ac229cbf2e 54 53 7069 2786
30e00ba79d90b6d2e16cf31cae74587db644a3f720299e991ff609e226bce6a0 10 10 52533 39301
ba2fe2b6d5e9a1292996397bc36cea33609023c1b199ce90dbc8d4fbe7e25904 6 6 3852 674
8be15b6d4de26edbebed7eff9859b24d2fabe4a218280ce7823d4457ce50b97f 37 26 449 120
20f3a4976877e23f6beb03b0d363dfac17e11f51999f0d28cd6c58613934e8be 2 2 284 0
4e0e97e2b4c80a8737c1590d720c14b93375d264f9706bcad719e27791113336 43 42 2254 1145
01af0c220a93aa142006ab822677ff3433966ec96a1e4d3a78a9bdc2739265a3 57 57 1934215 1932869
994c92f0ec062f558a8a92b7f4d80056ce1ebb7e7276221bd6a02b91bf4f1684 3 3 3099 8
4f70e54eff0fa9ded20b37615ad2fb910abf112022d6f3fdf4fc435ffff8a0f8 3 3 7749 0
f27ab8497e99885ad98d12b6a788f49e7706d112f3ae6353c280410832d28ef9 5 5 921 262
a1e7721c2a9651eca081c328c50638978bb70a15b33e1ad5d831abe9b7fbe01d 6 6 1704 890
b4d5b65b56009f50bd969fe16ae08ebdb8fdd6913920d05802c63606b19963d5 21 21 5010 1602
16f1d64674a145b815e60c69638a0eb8e04c46af74cb97ce81614c099a11cd49 6 6 11286 4745
b6e23c427bce781ea639bb5876a787db0eb54d2114bdcdc40d4f4bbb161bf462 1 1 2125 0
36ad2bd6686dd2a614869042f4fe7d52299c28da54052cb14d024a73efc8632c 4 3 469 520
7feb4762267d2975bb824338daeca8268b528d1ca6d959a56db5c6ef216e5bc0 2 0 0 0
815d300263bb30305165632ea84fb7bcead56c939de75894a590f61335475053 3 0 0 0
64a6d2896a63f13253f0dda3207b360b94a89d97d0a8eb18b7016df01b0b010f 3 1 13 8
294cc9fb8fde368cfca7a77f322430f2e433b3a1d200421fec1d140bda67ccee 3 1 200 37
358ecd32ea44a7109c4476e6d560cc79efc4f4051efa12bc2ce0021f6b29c2f2 44 33 1949 1223
f4cd6ba4ee8a3557fab0b04a1e4f217db6e71fff1e015cd8d189d5a92939cf37 5 4 337 73
9e6755923ba16b99e0ea8eb961bc49c938f0fd6ffd9648710b7a27511b2277cd 547 0 0 0
0c91dd718a77db1b7eeb5c2cc1f66c6f81376d721979515c867af5119b036d57 2 1 383 21
1cde0677e0c684298ca576cc1b2542de86cf3bc865ad4f572ddfb2085d095e2e 101 76 271964 141916
d1e2c098a1a4c40781ccd8c4c26384376c169b2d880235c2f50f53f806f38d7b 3 2 933666 6
37506fd9c3575cc931b3860f4e89464e55c09714853569f4ed3e7cbc3094963a 11 11 3052 1180
6f4a1b47babcb3e55df4c4f009834ef6df952fba4064a07af4d16debd44fd30d 6 3 56 0
e819dc4faa28b4ead6c4ed5e363423dc9e9f9c61484e089f7d7fe22d0126a1be 6 4 933 77
e838107d5e4ac23ada0721fa37b358e7a8e5abc25eee135db84ce158277e5ad5 3 1 0 0
31f004dce333cb9c310c7f7421c149420a1379fcf048450eff8290b4780a2bca 23 23 470382 402139
f838f3667df1b6e1c08d6338d83d123554a8bf098098fae25425524ad6e9d254 805 1 1 1
8132af4cc57b84e29df3dfbb95dbea49df085904981b7e808fd69c649c08b3b0 10 7 410 87
b42be7a1823c26f3f46a9e561019b7ad7bdd3d1b3ae59c3f2affff536cdd99f2 17 17 1720 278
03699ebf1aabc7121188f9054eec1f8677066c7f494805d7e5393e159bfd5f12 0 0 0 0
e9e5c8b009285454a5970ddd248387586b2670ada55716b9bcd918cba982490c 0 0 0 0
25c32d9dfae9a59d6491990b1c8de4c253c9afaed1f720474c3c0ec7694dbf2d 0 0 0 0
6c881954fa051b1cf3eae5d789247d7b7c47e84917607feb7a81fb16920b48b2 0 0 0 0
77f979d3346a669a4d2d04b171013d0e0ab5df0e2ef24aab9f02caac3501ac50 0 0 0 0
ad640768cb90834f0c1b3db492223370112032bc76d7c37e532c100acaab1d8f 0 0 0 0
53fdea706bdfec85b41b51332babb99e5dafa910755f9b54c1b9f1c98998b5a1 0 0 0 0
b6bc5eef4e2fcdc9044c26ae357f315f6e465d1d5671f751694be1bdcc53f453 0 0 0 0
dd171ac4fc6cb478312046c29e7e1cb6d3b8014ab3549484de7c56af4778f126 0 0 0 0
170cd59358c102094526df25322c2c5adba9f298b194daee4f33aa9c15596577 0 0 0 0
3ad18065614d1210bae5a03ad8fe0971168911fc5b49960b865fd9ac229cbf2e 0 0 0 0
30e00ba79d90b6d2e16cf31cae74587db644a3f720299e991ff609e226bce6a0 0 0 0 0
ba2fe2b6d5e9a1292996397bc36cea33609023c1b199ce90dbc8d4fbe7e25904 0 0 0 0
8be15b6d4de26edbebed7eff9859b24d2fabe4a218280ce7823d4457ce50b97f 0 0 0 0
20f3a4976877e23f6beb03b0d363dfac17e11f51999f0d28cd6c58613934e8be 0 0 0 0
4e0e97e2b4c80a8737c1590d720c14b93375d264f9706bcad719e27791113336 0 0 0 0
01af0c220a93aa142006ab822677ff3433966ec96a1e4d3a78a9bdc2739265a3 0 0 0 0
994c92f0ec062f558a8a92b7f4d80056ce1ebb7e7276221bd6a02b91bf4f1684 0 0 0 0
4f70e54eff0fa9ded20b37615ad2fb910abf112022d6f3fdf4fc435ffff8a0f8 0 0 0 0
f27ab8497e99885ad98d12b6a788f49e7706d112f3ae6353c280410832d28ef9 0 0 0 0
a1e7721c2a9651eca081c328c50638978bb70a15b33e1ad5d831abe9b7fbe01d 0 0 0 0
b4d5b65b56009f50bd969fe16ae08ebdb8fdd6913920d05802c63606b19963d5 0 0 0 0
16f1d64674a145b815e60c69638a0eb8e04c46af74cb97ce81614c099a11cd49 0 0 0 0
b6e23c427bce781ea639bb5876a787db0eb54d2114bdcdc40d4f4bbb161bf462 0 0 0 0
36ad2bd6686dd2a614869042f4fe7d52299c28da54052cb14d024a73efc8632c 0 0 0 0
7feb4762267d2975bb824338daeca8268b528d1ca6d959a56db5c6ef216e5bc0 0 0 0 0
815d300263bb30305165632ea84fb7bcead56c939de75894a590f61335475053 0 0 0 0
64a6d2896a63f13253f0dda3207b360b94a89d97d0a8eb18b7016df01b0b010f 0 0 0 0
294cc9fb8fde368cfca7a77f322430f2e433b3a1d200421fec1d140bda67ccee 0 0 0 0
358ecd32ea44a7109c4476e6d560cc79efc4f4051efa12bc2ce0021f6b29c2f2 0 0 0 0
f4cd6ba4ee8a3557fab0b04a1e4f217db6e71fff1e015cd8d189d5a92939cf37 0 0 0 0
9e6755923ba16b99e0ea8eb961bc49c938f0fd6ffd9648710b7a27511b2277cd 0 0 0 0
0c91dd718a77db1b7eeb5c2cc1f66c6f81376d721979515c867af5119b036d57 0 0 0 0
1cde0677e0c684298ca576cc1b2542de86cf3bc865ad4f572ddfb2085d095e2e 0 0 0 0
d1e2c098a1a4c40781ccd8c4c26384376c169b2d880235c2f50f53f806f38d7b 0 0 0 0
37506fd9c3575cc931b3860f4e89464e55c09714853569f4ed3e7cbc3094963a 0 0 0 0
6f4a1b47babcb3e55df4c4f009834ef6df952fba4064a07af4d16debd44fd30d 0 0 0 0
e819dc4faa28b4ead6c4ed5e363423dc9e9f9c61484e089f7d7fe22d0126a1be 0 0 0 0
e838107d5e4ac23ada0721fa37b358e7a8e5abc25eee135db84ce158277e5ad5 0 0 0 0
31f004dce333cb9c310c7f7421c149420a1379fcf048450eff8290b4780a2bca 0 0 0 0
f838f3667df1b6e1c08d6338d83d123554a8bf098098fae25425524ad6e9d254 0 0 0 0
8132af4cc57b84e29df3dfbb95dbea49df085904981b7e808fd69c649c08b3b0 0 0 0 0
b42be7a1823c26f3f46a9e561019b7ad7bdd3d1b3ae59c3f2affff536cdd99f2 0 0 0 0
8065e5eda625d83b598e585871fa3b6e1f757d438f26e78ff28fbd8d6050b3da 0 0 0 0
03699ebf1aabc7121188f9054eec1f8677066c7f494805d7e5393e159bfd5f12 0 0 0 0
e9e5c8b009285454a5970ddd248387586b2670ada55716b9bcd918cba982490c 0 0 0 0
25c32d9dfae9a59d6491990b1c8de4c253c9afaed1f720474c3c0ec7694dbf2d 0 0 0 0
6c881954fa051b1cf3eae5d789247d7b7c47e84917607feb7a81fb16920b48b2 0 0 0 0
77f979d3346a669a4d2d04b171013d0e0ab5df0e2ef24aab9f02caac3501ac50 0 0 0 0
ad640768cb90834f0c1b3db492223370112032bc76d7c37e532c100acaab1d8f 0 0 0 0
53fdea706bdfec85b41b51332babb99e5dafa910755f9b54c1b9f1c98998b5a1 0 0 0 0
b6bc5eef4e2fcdc9044c26ae357f315f6e465d1d5671f751694be1bdcc53f453 0 0 0 0
dd171ac4fc6cb478312046c29e7e1cb6d3b8014ab3549484de7c56af4778f126 0 0 0 0
170cd59358c102094526df25322c2c5adba9f298b194daee4f33aa9c15596577 0 0 0 0
3ad18065614d1210bae5a03ad8fe0971168911fc5b49960b865fd9ac229cbf2e 0 0 0 0
30e00ba79d90b6d2e16cf31cae74587db644a3f720299e991ff609e226bce6a0 0 0 0 0
ba2fe2b6d5e9a1292996397bc36cea33609023c1b199ce90dbc8d4fbe7e25904 0 0 0 0
8be15b6d4de26edbebed7eff9859b24d2fabe4a218280ce7823d4457ce50b97f 0 0 0 0
20f3a4976877e23f6beb03b0d363dfac17e11f51999f0d28cd6c58613934e8be 0 0 0 0
4e0e97e2b4c80a8737c1590d720c14b93375d264f9706bcad719e27791113336 0 0 0 0
01af0c220a93aa142006ab822677ff3433966ec96a1e4d3a78a9bdc2739265a3 0 0 0 0
994c92f0ec062f558a8a92b7f4d80056ce1ebb7e7276221bd6a02b91bf4f1684 0 0 0 0
4f70e54eff0fa9ded20b37615ad2fb910abf112022d6f3fdf4fc435ffff8a0f8 0 0 0 0
f27ab8497e99885ad98d12b6a788f49e7706d112f3ae6353c280410832d28ef9 0 0 0 0
a1e7721c2a9651eca081c328c50638978bb70a15b33e1ad5d831abe9b7fbe01d 0 0 0 0
b4d5b65b56009f50bd969fe16ae08ebdb8fdd6913920d05802c63606b19963d5 0 0 0 0
16f1d64674a145b815e60c69638a0eb8e04c46af74cb97ce81614c099a11cd49 0 0 0 0
b6e23c427bce781ea639bb5876a787db0eb54d2114bdcdc40d4f4bbb161bf462 0 0 0 0
36ad2bd6686dd2a614869042f4fe7d52299c28da54052cb14d024a73efc8632c 0 0 0 0
7feb4762267d2975bb824338daeca8268b528d1ca6d959a56db5c6ef216e5bc0 0 0 0 0
815d300263bb30305165632ea84fb7bcead56c939de75894a590f61335475053 0 0 0 0
64a6d2896a63f13253f0dda3207b360b94a89d97d0a8eb18b7016df01b0b010f 0 0 0 0
294cc9fb8fde368cfca7a77f322430f2e433b3a1d200421fec1d140bda67ccee 0 0 0 0
358ecd32ea44a7109c4476e6d560cc79efc4f4051efa12bc2ce0021f6b29c2f2 0 0 0 0
f4cd6ba4ee8a3557fab0b04a1e4f217db6e71fff1e015cd8d189d5a92939cf37 0 0 0 0
9e6755923ba16b99e0ea8eb961bc49c938f0fd6ffd9648710b7a27511b2277cd 0 0 0 0
0c91dd718a77db1b7eeb5c2cc1f66c6f81376d721979515c867af5119b036d57 0 0 0 0
1cde0677e0c684298ca576cc1b2542de86cf3bc865ad4f572ddfb2085d095e2e 0 0 0 0
d1e2c098a1a4c40781ccd8c4c26384376c169b2d880235c2f50f53f806f38d7b 0 0 0 0
37506fd9c3575cc931b3860f4e89464e55c09714853569f4ed3e7cbc3094963a 0 0 0 0
6f4a1b47babcb3e55df4c4f009834ef6df952fba4064a07af4d16debd44fd30d 0 0 0 0
e819dc4faa28b4ead6c4ed5e363423dc9e9f9c61484e089f7d7fe22d0126a1be 0 0 0 0
e838107d5e4ac23ada0721fa37b358e7a8e5abc25eee135db84ce158277e5ad5 0 0 0 0
31f004dce333cb9c310c7f7421c149420a1379fcf048450eff8290b4780a2bca 0 0 0 0
f838f3667df1b6e1c08d6338d83d123554a8bf098098fae25425524ad6e9d254 0 0 0 0
8132af4cc57b84e29df3dfbb95dbea49df085904981b7e808fd69c649c08b3b0 0 0 0 0
b42be7a1823c26f3f46a9e561019b7ad7bdd3d1b3ae59c3f2affff536cdd99f2 0 0 0 0
8065e5eda625d83b598e585871fa3b6e1f757d438f26e78ff28fbd8d6050b3da 0 0 0 0
03699ebf1aabc7121188f9054eec1f8677066c7f494805d7e5393e159bfd5f12 0 0 0 0
e9e5c8b009285454a5970ddd248387586b2670ada55716b9bcd918cba982490c 0 0 0 0
25c32d9dfae9a59d6491990b1c8de4c253c9afaed1f720474c3c0ec7694dbf2d 0 0 0 0
6c881954fa051b1cf3eae5d789247d7b7c47e84917607feb7a81fb16920b48b2 0 0 0 0
77f979d3346a669a4d2d04b171013d0e0ab5df0e2ef24aab9f02caac3501ac50 0 0 0 0
ad640768cb90834f0c1b3db492223370112032bc76d7c37e532c100acaab1d8f 0 0 0 0
53fdea706bdfec85b41b51332babb99e5dafa910755f9b54c1b9f1c98998b5a1 0 0 0 0
b6bc5eef4e2fcdc9044c26ae357f315f6e465d1d5671f751694be1bdcc53f453 0 0 0 0
dd171ac4fc6cb478312046c29e7e1cb6d3b8014ab3549484de7c56af4778f126 0 0 0 0
170cd59358c102094526df25322c2c5adba9f298b194daee4f33aa9c15596577 0 0 0 0
3ad18065614d1210bae5a03ad8fe0971168911fc5b49960b865fd9ac229cbf2e 0 0 0 0
30e00ba79d90b6d2e16cf31cae74587db644a3f720299e991ff609e226bce6a0 0 0 0 0
ba2fe2b6d5e9a1292996397bc36cea33609023c1b199ce90dbc8d4fbe7e25904 0 0 0 0
8be15b6d4de26edbebed7eff9859b24d2fabe4a218280ce7823d4457ce50b97f 0 0 0 0
20f3a4976877e23f6beb03b0d363dfac17e11f51999f0d28cd6c58613934e8be 0 0 0 0
4e0e97e2b4c80a8737c1590d720c14b93375d264f9706bcad719e27791113336 0 0 0 0
01af0c220a93aa142006ab822677ff3433966ec96a1e4d3a78a9bdc2739265a3 0 0 0 0
994c92f0ec062f558a8a92b7f4d80056ce1ebb7e7276221bd6a02b91bf4f1684 0 0 0 0
4f70e54eff0fa9ded20b37615ad2fb910abf112022d6f3fdf4fc435ffff8a0f8 0 0 0 0
f27ab8497e99885ad98d12b6a788f49e7706d112f3ae6353c280410832d28ef9 0 0 0 0
a1e7721c2a9651eca081c328c50638978bb70a15b33e1ad5d831abe9b7fbe01d 0 0 0 0
b4d5b65b56009f50bd969fe16ae08ebdb8fdd6913920d05802c63606b19963d5 0 0 0 0
16f1d64674a145b815e60c69638a0eb8e04c46af74cb97ce81614c099a11cd49 0 0 0 0
b6e23c427bce781ea639bb5876a787db0eb54d2114bdcdc40d4f4bbb161bf462 0 0 0 0
36ad2bd6686dd2a614869042f4fe7d52299c28da54052cb14d024a73efc8632c 0 0 0 0
7feb4762267d2975bb824338daeca8268b528d1ca6d959a56db5c6ef216e5bc0 0 0 0 0
815d300263bb30305165632ea84fb7bcead56c939de75894a590f61335475053 0 0 0 0
64a6d2896a63f13253f0dda3207b360b94a89d97d0a8eb18b7016df01b0b010f 0 0 0 0
294cc9fb8fde368cfca7a77f322430f2e433b3a1d200421fec1d140bda67ccee 0 0 0 0
358ecd32ea44a7109c4476e6d560cc79efc4f4051efa12bc2ce0021f6b29c2f2 0 0 0 0
f4cd6ba4ee8a3557fab0b04a1e4f217db6e71fff1e015cd8d189d5a92939cf37 0 0 0 0
9e6755923ba16b99e0ea8eb961bc49c938f0fd6ffd9648710b7a27511b2277cd 0 0 0 0
0c91dd718a77db1b7eeb5c2cc1f66c6f81376d721979515c867af5119b036d57 0 0 0 0
1cde0677e0c684298ca576cc1b2542de86cf3bc865ad4f572ddfb2085d095e2e 0 0 0 0
d1e2c098a1a4c40781ccd8c4c26384376c169b2d880235c2f50f53f806f38d7b 0 0 0 0
37506fd9c3575cc931b3860f4e89464e55c09714853569f4ed3e7cbc3094963a 0 0 0 0
6f4a1b47babcb3e55df4c4f009834ef6df952fba4064a07af4d16debd44fd30d 0 0 0 0
e819dc4faa28b4ead6c4ed5e363423dc9e9f9c61484e089f7d7fe22d0126a1be 0 0 0 0
e838107d5e4ac23ada0721fa37b358e7a8e5abc25eee135db84ce158277e5ad5 0 0 0 0
31f004dce333cb9c310c7f7421c149420a1379fcf048450eff8290b4780a2bca 0 0 0 0
f838f3667df1b6e1c08d6338d83d123554a8bf098098fae25425524ad6e9d254 0 0 0 0
8132af4cc57b84e29df3dfbb95dbea49df085904981b7e808fd69c649c08b3b0 0 0 0 0
b42be7a1823c26f3f46a9e561019b7ad7bdd3d1b3ae59c3f2affff536cdd99f2 0 0 0 0
8065e5eda625d83b598e585871fa3b6e1f757d438f26e78ff28fbd8d6050b3da 0 0 0 0
03699ebf1aabc7121188f9054eec1f8677066c7f494805d7e5393e159bfd5f12 0 0 0 0
e9e5c8b009285454a5970ddd248387586b2670ada55716b9bcd918cba982490c 0 0 0 0
25c32d9dfae9a59d6491990b1c8de4c253c9afaed1f720474c3c0ec7694dbf2d 0 0 0 0
6c881954fa051b1cf3eae5d789247d7b7c47e84917607feb7a81fb16920b48b2 0 0 0 0
77f979d3346a669a4d2d04b171013d0e0ab5df0e2ef24aab9f02caac3501ac50 0 0 0 0
ad640768cb90834f0c1b3db492223370112032bc76d7c37e532c100acaab1d8f 0 0 0 0
53fdea706bdfec85b41b51332babb99e5dafa910755f9b54c1b9f1c98998b5a1 0 0 0 0
b6bc5eef4e2fcdc9044c26ae357f315f6e465d1d5671f751694be1bdcc53f453 0 0 0 0
dd171ac4fc6cb478312046c29e7e1cb6d3b8014ab3549484de7c56af4778f126 0 0 0 0
170cd59358c102094526df25322c2c5adba9f298b194daee4f33aa9c15596577 0 0 0 0
3ad18065614d1210bae5a03ad8fe0971168911fc5b49960b865fd9ac229cbf2e 0 0 0 0
30e00ba79d90b6d2e16cf31cae74587db644a3f720299e991ff609e226bce6a0 0 0 0 0
ba2fe2b6d5e9a1292996397bc36cea33609023c1b199ce90dbc8d4fbe7e25904 0 0 0 0
8be15b6d4de26edbebed7eff9859b24d2fabe4a218280ce7823d4457ce50b97f 0 0 0 0
20f3a4976877e23f6beb03b0d363dfac17e11f51999f0d28cd6c58613934e8be 0 0 0 0
4e0e97e2b4c80a8737c1590d720c14b93375d264f9706bcad719e27791113336 0 0 0 0
01af0c220a93aa142006ab822677ff3433966ec96a1e4d3a78a9bdc2739265a3 0 0 0 0
994c92f0ec062f558a8a92b7f4d80056ce1ebb7e7276221bd6a02b91bf4f1684 0 0 0 0
4f70e54eff0fa9ded20b37615ad2fb910abf112022d6f3fdf4fc435ffff8a0f8 0 0 0 0
f27ab8497e99885ad98d12b6a788f49e7706d112f3ae6353c280410832d28ef9 0 0 0 0
a1e7721c2a9651eca081c328c50638978bb70a15b33e1ad5d831abe9b7fbe01d 0 0 0 0
b4d5b65b56009f50bd969fe16ae08ebdb8fdd6913920d05802c63606b19963d5 0 0 0 0
16f1d64674a145b815e60c69638a0eb8e04c46af74cb97ce81614c099a11cd49 0 0 0 0
b6e23c427bce781ea639bb5876a787db0eb54d2114bdcdc40d4f4bbb161bf462 0 0 0 0
36ad2bd6686dd2a614869042f4fe7d52299c28da54052cb14d024a73efc8632c 0 0 0 0
7feb4762267d2975bb824338daeca8268b528d1ca6d959a56db5c6ef216e5bc0 0 0 0 0
815d300263bb30305165632ea84fb7bcead56c939de75894a590f61335475053 0 0 0 0
64a6d2896a63f13253f0dda3207b360b94a89d97d0a8eb18b7016df01b0b010f 0 0 0 0
294cc9fb8fde368cfca7a77f322430f2e433b3a1d200421fec1d140bda67ccee 0 0 0 0
358ecd32ea44a7109c4476e6d560cc79efc4f4051efa12bc2ce0021f6b29c2f2 0 0 0 0
f4cd6ba4ee8a3557fab0b04a1e4f217db6e71fff1e015cd8d189d5a92939cf37 0 0 0 0
9e6755923ba16b99e0ea8eb961bc49c938f0fd6ffd9648710b7a27511b2277cd 0 0 0 0
0c91dd718a77db1b7eeb5c2cc1f66c6f81376d721979515c867af5119b036d57 0 0 0 0
1cde0677e0c684298ca576cc1b2542de86cf3bc865ad4f572ddfb2085d095e2e 0 0 0 0
d1e2c098a1a4c40781ccd8c4c26384376c169b2d880235c2f50f53f806f38d7b 0 0 0 0
37506fd9c3575cc931b3860f4e89464e55c09714853569f4ed3e7cbc3094963a 0 0 0 0
6f4a1b47babcb3e55df4c4f009834ef6df952fba4064a07af4d16debd44fd30d 0 0 0 0
e819dc4faa28b4ead6c4ed5e363423dc9e9f9c61484e089f7d7fe22d0126a1be 0 0 0 0
e838107d5e4ac23ada0721fa37b358e7a8e5abc25eee135db84ce158277e5ad5 0 0 0 0
31f004dce333cb9c310c7f7421c149420a1379fcf048450eff8290b4780a2bca 0 0 0 0
f838f3667df1b6e1c08d6338d83d123554a8bf098098fae25425524ad6e9d254 0 0 0 0
8132af4cc57b84e29df3dfbb95dbea49df085904981b7e808fd69c649c08b3b0 0 0 0 0
b42be7a1823c26f3f46a9e561019b7ad7bdd3d1b3ae59c3f2affff536cdd99f2 0 0 0 0
8065e5eda625d83b598e585871fa3b6e1f757d438f26e78ff28fbd8d6050b3da 0 0 0 0
0752f9073e329b1bf4bfbdef72bf1c31cf9e480a3f9603c201e42101bdb3bf0b 0 0 0 0
03699ebf1aabc7121188f9054eec1f8677066c7f494805d7e5393e159bfd5f12 0 0 0 0
e9e5c8b009285454a5970ddd248387586b2670ada55716b9bcd918cba982490c 0 0 0 0
25c32d9dfae9a59d6491990b1c8de4c253c9afaed1f720474c3c0ec7694dbf2d 0 0 0 0
6c881954fa051b1cf3eae5d789247d7b7c47e84917607feb7a81fb16920b48b2 0 0 0 0
77f979d3346a669a4d2d04b171013d0e0ab5df0e2ef24aab9f02caac3501ac50 0 0 0 0
ad640768cb90834f0c1b3db492223370112032bc76d7c37e532c100acaab1d8f 0 0 0 0
53fdea706bdfec85b41b51332babb99e5dafa910755f9b54c1b9f1c98998b5a1 0 0 0 0
b6bc5eef4e2fcdc9044c26ae357f315f6e465d1d5671f751694be1bdcc53f453 0 0 0 0
dd171ac4fc6cb478312046c29e7e1cb6d3b8014ab3549484de7c56af4778f126 0 0 0 0
170cd59358c102094526df25322c2c5adba9f298b194daee4f33aa9c15596577 0 0 0 0
3ad18065614d1210bae5a03ad8fe0971168911fc5b49960b865fd9ac229cbf2e 0 0 0 0
30e00ba79d90b6d2e16cf31cae74587db644a3f720299e991ff609e226bce6a0 0 0 0 0
ba2fe2b6d5e9a1292996397bc36cea33609023c1b199ce90dbc8d4fbe7e25904 0 0 0 0
8be15b6d4de26edbebed7eff9859b24d2fabe4a218280ce7823d4457ce50b97f 0 0 0 0
20f3a4976877e23f6beb03b0d363dfac17e11f51999f0d28cd6c58613934e8be 0 0 0 0
4e0e97e2b4c80a8737c1590d720c14b93375d264f9706bcad719e27791113336 0 0 0 0
01af0c220a93aa142006ab822677ff3433966ec96a1e4d3a78a9bdc2739265a3 0 0 0 0
994c92f0ec062f558a8a92b7f4d80056ce1ebb7e7276221bd6a02b91bf4f1684 0 0 0 0
4f70e54eff0fa9ded20b37615ad2fb910abf112022d6f3fdf4fc435ffff8a0f8 0 0 0 0
f27ab8497e99885ad98d12b6a788f49e7706d112f3ae6353c280410832d28ef9 0 0 0 0
a1e7721c2a9651eca081c328c50638978bb70a15b33e1ad5d831abe9b7fbe01d 0 0 0 0
b4d5b65b56009f50bd969fe16ae08ebdb8fdd6913920d05802c63606b19963d5 0 0 0 0
16f1d64674a145b815e60c69638a0eb8e04c46af74cb97ce81614c099a11cd49 0 0 0 0
b6e23c427bce781ea639bb5876a787db0eb54d2114bdcdc40d4f4bbb161bf462 0 0 0 0
36ad2bd6686dd2a614869042f4fe7d52299c28da54052cb14d024a73efc8632c 0 0 0 0
7feb4762267d2975bb824338daeca8268b528d1ca6d959a56db5c6ef216e5bc0 0 0 0 0
815d300263bb30305165632ea84fb7bcead56c939de75894a590f61335475053 0 0 0 0
64a6d2896a63f13253f0dda3207b360b94a89d97d0a8eb18b7016df01b0b010f 0 0 0 0
294cc9fb8fde368cfca7a77f322430f2e433b3a1d200421fec1d140bda67ccee 0 0 0 0
358ecd32ea44a7109c4476e6d560cc79efc4f4051efa12bc2ce0021f6b29c2f2 0 0 0 0
f4cd6ba4ee8a3557fab0b04a1e4f217db6e71fff1e015cd8d189d5a92939cf37 0 0 0 0
9e6755923ba16b99e0ea8eb961bc49c938f0fd6ffd9648710b7a27511b2277cd 0 0 0 0
0c91dd718a77db1b7eeb5c2cc1f66c6f81376d721979515c867af5119b036d57 0 0 0 0
1cde0677e0c684298ca576cc1b2542de86cf3bc865ad4f572ddfb2085d095e2e 0 0 0 0
d1e2c098a1a4c40781ccd8c4c26384376c169b2d880235c2f50f53f806f38d7b 0 0 0 0
37506fd9c3575cc931b3860f4e89464e55c09714853569f4ed3e7cbc3094963a 0 0 0 0
6f4a1b47babcb3e55df4c4f009834ef6df952fba4064a07af4d16debd44fd30d 0 0 0 0
e819dc4faa28b4ead6c4ed5e363423dc9e9f9c61484e089f7d7fe22d0126a1be 0 0 0 0
e838107d5e4ac23ada0721fa37b358e7a8e5abc25eee135db84ce158277e5ad5 0 0 0 0
31f004dce333cb9c310c7f7421c149420a1379fcf048450eff8290b4780a2bca 0 0 0 0
f838f3667df1b6e1c08d6338d83d123554a8bf098098fae25425524ad6e9d254 0 0 0 0
8132af4cc57b84e29df3dfbb95dbea49df085904981b7e808fd69c649c08b3b0 0 0 0 0
b42be7a1823c26f3f46a9e561019b7ad7bdd3d1b3ae59c3f2affff536cdd99f2 0 0 0 0
8065e5eda625d83b598e585871fa3b6e1f757d438f26e78ff28fbd8d6050b3da 0 0 0 0
0752f9073e329b1bf4bfbdef72bf1c31cf9e480a3f9603c201e42101bdb3bf0b 0 0 0 0
03699ebf1aabc7121188f9054eec1f8677066c7f494805d7e5393e159bfd5f12 0 0 0 0
e9e5c8b009285454a5970ddd248387586b2670ada55716b9bcd918cba982490c 0 0 0 0
25c32d9dfae9a59d6491990b1c8de4c253c9afaed1f720474c3c0ec7694dbf2d 0 0 0 0
6c881954fa051b1cf3eae5d789247d7b7c47e84917607feb7a81fb16920b48b2 0 0 0 0
77f979d3346a669a4d2d04b171013d0e0ab5df0e2ef24aab9f02caac3501ac50 0 0 0 0
ad640768cb90834f0c1b3db492223370112032bc76d7c37e532c100acaab1d8f 0 0 0 0
53fdea706bdfec85b41b51332babb99e5dafa910755f9b54c1b9f1c98998b5a1 0 0 0 0
b6bc5eef4e2fcdc9044c26ae357f315f6e465d1d5671f751694be1bdcc53f453 0 0 0 0
dd171ac4fc6cb478312046c29e7e1cb6d3b8014ab3549484de7c56af4778f126 0 0 0 0
170cd59358c102094526df25322c2c5adba9f298b194daee4f33aa9c15596577 0 0 0 0
3ad18065614d1210bae5a03ad8fe0971168911fc5b49960b865fd9ac229cbf2e 0 0 0 0
30e00ba79d90b6d2e16cf31cae74587db644a3f720299e991ff609e226bce6a0 0 0 0 0
ba2fe2b6d5e9a1292996397bc36cea33609023c1b199ce90dbc8d4fbe7e25904 0 0 0 0
8be15b6d4de26edbebed7eff9859b24d2fabe4a218280ce7823d4457ce50b97f 0 0 0 0
20f3a4976877e23f6beb03b0d363dfac17e11f51999f0d28cd6c58613934e8be 0 0 0 0
4e0e97e2b4c80a8737c1590d720c14b93375d264f9706bcad719e27791113336 0 0 0 0
01af0c220a93aa142006ab822677ff3433966ec96a1e4d3a78a9bdc2739265a3 0 0 0 0
994c92f0ec062f558a8a92b7f4d80056ce1ebb7e7276221bd6a02b91bf4f1684 0 0 0 0
4f70e54eff0fa9ded20b37615ad2fb910abf112022d6f3fdf4fc435ffff8a0f8 0 0 0 0
f27ab8497e99885ad98d12b6a788f49e7706d112f3ae6353c280410832d28ef9 0 0 0 0
a1e7721c2a9651eca081c328c50638978bb70a15b33e1ad5d831abe9b7fbe01d 0 0 0 0
b4d5b65b56009f50bd969fe16ae08ebdb8fdd6913920d05802c63606b19963d5 0 0 0 0
16f1d64674a145b815e60c69638a0eb8e04c46af74cb97ce81614c099a11cd49 0 0 0 0
b6e23c427bce781ea639bb5876a787db0eb54d2114bdcdc40d4f4bbb161bf462 0 0 0 0
36ad2bd6686dd2a614869042f4fe7d52299c28da54052cb14d024a73efc8632c 0 0 0 0
7feb4762267d2975bb824338daeca8268b528d1ca6d959a56db5c6ef216e5bc0 0 0 0 0
815d300263bb30305165632ea84fb7bcead56c939de75894a590f61335475053 0 0 0 0
64a6d2896a63f13253f0dda3207b360b94a89d97d0a8eb18b7016df01b0b010f 0 0 0 0
294cc9fb8fde368cfca7a77f322430f2e433b3a1d200421fec1d140bda67ccee 0 0 0 0
358ecd32ea44a7109c4476e6d560cc79efc4f4051efa12bc2ce0021f6b29c2f2 0 0 0 0
f4cd6ba4ee8a3557fab0b04a1e4f217db6e71fff1e015cd8d189d5a92939cf37 0 0 0 0
9e6755923ba16b99e0ea8eb961bc49c938f0fd6ffd9648710b7a27511b2277cd 0 0 0 0
0c91dd718a77db1b7eeb5c2cc1f66c6f81376d721979515c867af5119b036d57 0 0 0 0
1cde0677e0c684298ca576cc1b2542de86cf3bc865ad4f572ddfb2085d095e2e 0 0 0 0
d1e2c098a1a4c40781ccd8c4c26384376c169b2d880235c2f50f53f806f38d7b 0 0 0 0
37506fd9c3575cc931b3860f4e89464e55c09714853569f4ed3e7cbc3094963a 0 0 0 0
6f4a1b47babcb3e55df4c4f009834ef6df952fba4064a07af4d16debd44fd30d 0 0 0 0
e819dc4faa28b4ead6c4ed5e363423dc9e9f9c61484e089f7d7fe22d0126a1be 0 0 0 0
e838107d5e4ac23ada0721fa37b358e7a8e5abc25eee135db84ce158277e5ad5 0 0 0 0
31f004dce333cb9c310c7f7421c149420a1379fcf048450eff8290b4780a2bca 0 0 0 0
f838f3667df1b6e1c08d6338d83d123554a8bf098098fae25425524ad6e9d254 0 0 0 0
8132af4cc57b84e29df3dfbb95dbea49df085904981b7e808fd69c649c08b3b0 0 0 0 0
b42be7a1823c26f3f46a9e561019b7ad7bdd3d1b3ae59c3f2affff536cdd99f2 0 0 0 0
8065e5eda625d83b598e585871fa3b6e1f757d438f26e78ff28fbd8d6050b3da 0 0 0 0
0752f9073e329b1bf4bfbdef72bf1c31cf9e480a3f9603c201e42101bdb3bf0b 0 0 0 0
