f1896a54a9952e6dc3153e8db94408863fec65ad3c4f0e92cab5590af205a020 14 1 2 0
bdde9979c0d8e59b8338ff33d95425cecff42661b1cfdd2bef4500b6c0484924 44 43 17099 16313
c58d19365e425d10ac0818ba17a31df812b786790bab6eb05390ceccdb214d59 6 5 1727 177
40cc282a195a9699551f79ba1886ee8ded6c5a589137c95250f8b1feeeb31f12 11 5 1727 177
f841ccf098ba37e498878175863cfe25c5aa0a7bf0ddfc6bcccbf60673b2e9f2 5 5 1547 299
fbbcb1b53528d6ebd573d9b2c6ffcec949f6219edaee8264007170534e4daea3 272 58 1565 367
fa7271df01c220e465cc8b9ce649426adb7c21bf035d73854f61b75a15d254dc 36 0 0 0
2a3995a065bfc07894d849bd4b1366105b78e8fff2adffbd7c2a808c15077e5b 44 3 7 6
6b9fc793076e28af83a7b75f74a0410a6fbe23eec9ee9d39bb989f7178b3b5f4 75 4 21 197
4bfac0c9f0eaa6d8a20ae55faf798bac4fe998e7b31330b856e0028750db0a1c 141 3 177 295
8e9cb80b62de4a37c8ddc8788a7e52890a5f556c2e773fa966fc6ff38305390f 282 0 0 0
f1ce11ee0ef65fb7cd4ddad087cc8da23e5ac0732e07aa6ed68342d35b18671c 11 0 0 0
751bfe0d900a65399e48f8b33ea6912103534f10755ca0a54c010878f36d245c 24 4 10 4
ceedc0f46840e76b1a822408a67db0b0d253f1661fecc53b680173fbb8c708f9 2 2 12639 81
