eb26db73a8aa928bae3c8deaa93a6c6c4a5916592ce80fed74274e5d86eb0fc1 6 6 2663 857
5e43e46a0aa97a323b4caf2ed46a496b743c81517924e2fd8073ea745f857de5 10 8 119 56
1a8816dca0cea6b63e91a4b40d893ff309238b7c5fcf9d3da1eb2607502d89f2 27 26 297 21
7ce900a804665e04abc9bf363cd7123c4e77f7ed18c57085ff403fb9d6301cbf 12 12 1233 99
77f979d3346a669a4d2d04b171013d0e0ab5df0e2ef24aab9f02caac3501ac50 1 0 0 0
0686586aabc0e409403dfab72c8d9b4022b2da512828bc2342a2c7c5251df9c4 20 20 34438 14650
53fdea706bdfec85b41b51332babb99e5dafa910755f9b54c1b9f1c98998b5a1 7 0 0 0
d22f41d66f522b793c38ae06330f15d0eb41eebac07929a71bd75398d0573bdd 40 40 4330 2245
3dc45d726c5112ce98641b476a644a1b99980f9584418fc70932ed0bcd975ab3 2 2 1912 138
b998f5c7eac7f532e7547052f0901b843cf9da8a95029cc175f2a68abc66d372 4 4 1597 174
2af0e13bad7de65f16756ba49886273eca9c37275a5a6362aa5ce4070c020c8a 54 53 7069 2786
86a05596b84bff5bf9fab214bda325375fd1c423d298199b41f211490ce8afd0 10 10 52533 39301
ba98209f364293446e6cf360db13a46a572e2c956be68228b46144001b516641 6 6 3852 674
aaed9b12c0bdcd77da901887cf88f3ec29849e34e19f5695ba333d362da5b651 812 44 1050 63283
98090166e6c412159d59163c92cbf981a67af0622dacc65aa0fa5702622893c1 2 2 284 0
a8188dc51742fc504da419220374606ed49e43648aec0e96412fc53be3fe3a5b 43 42 2254 1145
1f999744c0022d2dd2de103547620d242b353c0d5abe268d0a11bbf1837b8cbd 67 67 1936076 1933079
6c7bac800c9606c0dc90ebdc69949c68c4163078864ab87df0030370fa1268db 3 3 3099 8
81be4c114c1a5a960f75ffb0762f776be861851c33829ab0a4fb6e5758ce4cf1 3 3 7749 0
783a47ff4ad874ba2ec193d78e23dc2e6985a9f57a1ccb4eccd016aff99fc266 5 5 921 262
d83d44a38317952c177ae980b406938517244d82a56281875b98907df3cb23a3 6 6 1704 890
77e84ac6cf8f84b68c87db99756052cf094339fdc737dd107e2f68c2dd7caaf5 21 21 5010 1602
28fe2246e2a4d50ff726a8b196f1728e8b130c1b0d21005d17f82b29f54dfe7f 6 6 11286 4745
814eb13a809d8ecabfa772de8c153950ac68e70083acdcc99ce7ac4112506beb 1 1 2125 0
e94dc723199941a00a47b098c6d78e9c7c8e96c6b639f4b47fb28c95056fa6b1 67 54 4983 2135
e7a00b40a6d68721f19c71c320cd8cb06bcc68cda94dbaef8076553c3a8de636 547 0 0 0
0f9ef73a8ca5b4fc8df66957e8f045f650868dad122ce5b0a2f94344c0e9e894 101 76 271964 141916
7f48cd64d8279ca9ccb6e18f977d563d8690d3210eb4b1e10f9b2e4ba8b5c7e0 11 11 3052 1180
02f4270eabf27c8422031229a9033e6dbe558bf97c260b768f67d1d55c35b431 24 24 470501 402150
0f525c13b367dc9ed66b2e01605465e6f137a90ba85f2ba62eacf1f2ec86665c 805 1 1 1
58dea061bfe06477205c9d6a7da3b056cc91885177090b81a2c61407a7bb67ff 57 57 23965 7570
03f9ecc59f9e5b1bfae2ae6cb22528c9d6c43d0ac791a875732c599585a227d1 140 130 24994 16513
db0d1257eadac582e5e1b00407741bb8b637bb50ee65ccbfea6408facbfb19b2 9 9 1158 286
78973b1fafc14079fcb0247525bc7bae3a7b683b15f6ea9975328b4ee29c2167 2 2 997 118
c76ab00ad437213a5133930ed2944a342c260732402a0f9b371e84d08414d341 21 6 233 238
2baba21ccc9cb887db7c66be54c5c2f6e98214bb92b48a495fb4a437e94fc2f7 18 18 7173 1871
8e133f40828567a230148b5d09b77650271472b4830e5f69f2f200f775f30ea9 8 8 1501 31
f8d787047c926048c259546ffed7fc2e6d4491f982231f47ce350bc341f6e5c1 4 4 3658 113
b005f6a2f47d47c15296743fe61ca30ec56ca1c9e0f86814bda2705fd417972c 9 9 4876 1322
161a4871ce3b29d2455d82c68352a32f654a8ad60c408e0b52a15a3cb0dc61e5 60 2 50 1
0c4599fcb1eb8572b3ba6a419e98c45a5a204bd192c1e72e9b95967111390878 9 9 4568 1371
008d9f6b8049f0be83743e7146a4b8b5a1127619f6cf1e5caaa894d4d6d64990 79 77 13869 7275
02e0fc2527ad110ab51a0958aefa17c3b6483b6b449bb52388200ca8eec3b719 35 1 4 1
6615ff2c419aa9debe015a553452a611951e1bceaffaee856ff971ca3bc3730c 271 0 0 0
2d4d60b9ad34f7608917d8b035b36eb9eedad3d501de6f6bdd06cc03e368aafb 8 6 811 124
a371b491eddd8da07675c7e5b7b16ef4043116ccd5c0702243b9c075898f4b6a 7 6 131 165
8116b8681aae8895b21720b7cdd385e82a42c87549066d62699da13ad61a8434 10 10 1835 488
fe6b84093dbce63a32da8e8bdfcdf087510b94a0caefb08ab62a476f208579ca 130 2 2 0
2667db5d1bb51fcc5cb42ef91cf48e42f1381f41aa5a7d5f3a02ba12a4fcd3f7 12 12 2859 635
36bc8c057c4bc3862df67afa882e17a3603fb90a69e4eac29905887a3667e9c8 229 0 0 0
845299ef4231f2bb4f3f7afdca95a18776316d24bfc5bdac9269dc4321743dbb 47 47 9841 7651
432ee930bad2c750264497d304c2f595ae9f00b0d248275e75b3c2678ed56ce9 9 9 4762 754
a48a0b369ff8c4e3861f97d314f743b0a0666c3e9bd12c5262e4444624a6e1ee 77 1 2 2
086db96b17ee884915c974e1993909e72cf039b53d96148352358c5cedfcb12e 98 2 14 8
9d82b48050d3abf2234cda1e9b55f630115e8623753413480eeefd76eeeb0c2f 5 5 822 0
aacf9c274e71c744d173d35f8f66dcdc2c07cf0caa06bd77a90fcc404bcb2a88 13 5 1218 1104
ca1ff75ea6f1ff85528e0285a95da7e200905e1bdaa7ed00636843de9a30fc72 67 0 0 0
ab67a2f91ec89e5f4f029e8864d5701005f1bb33ae6019fee55ecd685ca096b5 3 2 42 242
d9f85dbb9302dfb38c32c53826d78389a3c7099bec8e81fe8ae7af4d903ec8c2 3 2 42 242
80637402df030b4177bd43cd689c7adda595939caefdabe0b897734dc0b7b7e1 1 1 3458 0
a0a7e78c40860f863c11ba346e78922f62932f22de4ffe6f141295b4efa810fc 18 1 2 2
c6b18894bd5e098221acb0be7229dbb1f23948dd33a4601e3fdce18592f48a43 33 0 0 0
d60233904ec0904fb0bf0014293bbc96a77bf040c1b228271ee9fc2d10cfc860 101 99 13276 3684
74b141c57a6ae5df4c897a37e5b4e238b58ad92245c2191fb9065b33807c831d 195 0 0 0
465bf18ada552a877eb67e0b146d9616ce509bda6b6e50193aa2147158aa92d8 1612 1 10 2
a429a7a7997c4d1b37495898506c6916ab447032b4e52f411f3ed7646781f3b7 4 4 335 1
20e2f4f9bf6c79329b12cba11dda49ec44d934747f93f3ea80088b133c8da176 15 15 957 69
13f3f632facf6d79d2259182e357de1edefb6d99815cce5b5bd7f2de2cedfa56 4 4 1142 51
4dc1750e95bf9302192aa42349027c68eff8fd593ff604aaca7dd61400b1b3b7 1 1 888 0
35e632409502df25ee7c7a6fd6ba5a196b2eda68b9070c0676e8885410e2c7fd 13 13 8128 2408
03cfc2627f0feec2bfcfed0bcccbbe7fb1d523f2c2ca9cbce58259881c3656c0 8 1 62 96
990008deb69b39d6658c455120e4979843433e5a5eb2d866f2d16c27015026a7 1 1 2511 0
4cbd0d9dce906f82c363cc4a3ba14616767db9c358218eb112173f3d75d8106c 114 66 134809 97369
7570d000b1313614848793a0174b9d8b89cc2e02db21895721e3b76c7c2b8d0c 3 3 1675 52
a2fdb48f37a80c705e732d008de0e827cf522c801cd983cc17ce458639c1689a 29 27 7088 537
b82b4a08addcc07f7ff236c313d7c0c98ca75959c670ddeb4a03a10cfa3056f0 2 2 1573 84
4c5d05a4e824c942b0ce3413c24514f966517a3157c0e7b8dd4e12fff219d369 37 0 0 0
27e57613fed70951c1e9cdedd2fb031406db06eace88df54c468b5aabad04a3a 224 0 0 0
619cf063959cb331da1f54d9f2c966673bc6b2bbd1ea1c5b950052fb4a8927df 47 0 0 0
82716c6f3a635fd57854fec845e64966be6215ec1fd9d2f83a31fd67edf2b7f7 546 252 86068 52145
b7453803dc51dccff47cc20a97c357b800a98161c9d419e003fad500adcd2c9d 16 0 0 0
620618200d52df9313ec52271cfdccc35844c86c011b6b6529176fb1dcf378f8 50 45 18641 8351
bbecfce894379a73f848c6ec01b54cf50acdabec57644e83d8a0d36cf1ffc3d6 12 12 11923 2357
854490f28e53955babd681f10ed11cfe01c914a93fffda078874e7e76805e9ae 5 5 24 2
fc0ea16af071c7ebb362c61e847d33da7945185f6ab1ff7678cf2557933a5cf5 8 5 952 2
5bd7cfc21152d7a8af25003304eab4cebded6296e77b78d6b85ca642b6bb6e35 4 4 1057 251
3a7842f730c7e7b41063586d86f37a553b7eea64bc53e7a5e78f5d64678fe566 2768 3 132 36
21ca0dc1fd1fa72f4fb6554c50e77cbe2d3f592a0babcd4d605bfc053a89fe19 1 0 0 0
b0fd6f02ac209ad6d05012878a63f6850f84b759830cd2ebb471fe4573de7a35 14 0 0 0
5b51bdda42064cdc6544af32aa89f09cd0916a3ffa0456e116ad897efc6ef03a 3 3 13 1
e5f1df1cdcc631c0a8ba9cd8ba2636a1ddfe8f370a8db1c2a636f490e28957e3 12 0 0 0
19f522815a14084bb5fce31938123e670403eb7f9d282b3c04cc10edc386db0c 3749 0 0 0
105aabc03ef51ab3386572bf4f1520f413990ee2e871bfb59a77f22fc3c3a187 21 21 9722 3816
985d1419669ab4cec701744241720cc6bc63dbac9c52312972fd919def6d7518 124 2 27 28
40e3d089bb0db91d4ac03ac60b47eb40ab9624e4401d86eaa79731d62b59b40a 18 18 1766 289
5f3d64f76e8f32c21badc7aebc7cd8306d800e3a9b3f2fa11adab3a469550145 6 6 1304 337
571bb981f63c85345646c431d0208961016ad74c8095eaf1fc0c99e58f23d3df 285 6 244 95
f0473a6138307d3bdc6684495410022b5ea01e83fa2f724add64d69a91243e13 39 39 8119 2326
13b4ba9ac143ec3da5f23de9ee3bf57c3e66d34dc36a4677f4e319ce4481c23f 424 207 148888 37384
53b07581630f472ce253a8fa84fcc8b6f64e49b01c9e449285a0f72da8d1299d 1104 2 20 5
9de7edd7f6eb49e957082d70edd634c0cdb51ce9ce0955397b3ad7da5bcc385b 16 2 61 1
bbfc9dc208d611f6265689160da19e20940e6435c0cb406fe0c3c6a8187566ed 1069 0 0 0
87e70478e0e7ab5d6b52cad455621f0ada1116354123cc51d16a2c6ca116c260 315 0 0 0
6c4bac356ad66a7491c8907cf1ea3d626a39248828a22565e30aa1e5c1c5e177 121 0 0 0
cf55750274fd9857fd4336abcef256d437846048412edb11f0c1670e0c5cb7d6 464 0 0 0
1ef5515276b8725dfa412628fd7223be3b4af64e4f2f930a63aa8d8912f03686 4 0 0 0
91d6ef2b9b1b6850f33fea5f79176dc9a02fb484927f2048ef92ffaf098681a1 252 0 0 0
c81d43484d940dbd566e4763f19ae872d877d691a2297f197c80770e73aaef0a 30 0 0 0
e3e3a91fb3c56c408a8ceb649df271747288f61efd1ca80a053fe328e45c03ac 5 0 0 0
314c7c0d72a27a0f8597c0e153ecae7a1266d7bbf6031612e533f42d8b3c5927 31 0 0 0
e0f31eddc00e88371a8ad5a91bfe9dfc2ffd0def0cc1a520353fd2754b085f9b 4 0 0 0
2ac1e941ef5b9509aec3627df954e37a46a5e19b1ab1c954a9f425a1b9762324 26 0 0 0
7d1e215d4c823146aa377b707e7e4e4172256b5bb3c6b0319c8f6dbaae4d02ef 10 0 0 0
66a6516f8c2fd82e5c977fb7b9249e79245afb92a816f05bfb5b22ea7e26a15d 10 0 0 0
32dff4c2d91b6f8eea81d8b8cac2f60c9662dae5be7fcdaa378cd3652426a399 12 0 0 0
42814dd3dce5e1039838aa4435d84b8027e7e15c80c84dd2056de44295b76fae 4 0 0 0
7de68fdb493da7e8e28616e4b466c5a26c434b56501f7e4c0f1ace53dd69158e 3 0 0 0
514759e19cee59ab8cbc0f01d08d11dd05075471231eaaca25020e8e906a8cda 10 0 0 0
3b638b04c210219751c689da48eff3c7f31bce985ab8db97704bea2562447c37 99 0 0 0
c9b9f7871d757199ef91c2e065b63f8e58f097f8ab951c49239ac43eddb8a57a 17 0 0 0
8e28f962bfba2d8fbeeb981ac93607a26607a8d1d6e4af7c3ae5d68ee69ae9a2 150 0 0 0
35d1b2bd6282cba20c7ee1c9502caf60d3ddfd10c6767d41dde3f8f26632e6c0 15 15 5657 635
36f1985ca0fb26c45cea70fb7d483adeb5cd6e06869a7207d93282d673068e08 8 8 281 14
58620a38ba66036c063ff29143939eb103b2ec5fe75dd63838270e36c7a0d5a8 59 58 17231 11625
dfe261e7a6e6d0f13010123273f9322b9fa0b8f6260495520261d7ab5f628a22 7 7 1613 416
d98fac445136f41412ea5b4d9e941a3f475fa2ad63a8b5d83c5eb784eaeed1e9 50 12 7414 3199
f8ddc7a8532c57945ba246a7f03753b3de5aa9e72723a3aad6e9d66c68a76476 47 11 7410 3199
5fe9fe9ca9dd67bb66dad7de0f5fd1e05f25c0f009bdcce09e2f88a524266fc5 4 1 183 58
73669acf435bb369e8e1d89b6c6f36cf846b5f2c64afccc9dd53008b69f1cb07 11 7 1580 1309
74ad37aa0bc7eb9e435d0f2feb882506c49a70a5ed09ebe5b9409ce2a6d14650 4094 0 0 0
ec80a470ec1098dd683c0db840dc9c843cfeb5965f36337b93ed80905490211a 3903 0 0 0
7ce900a804665e04abc9bf363cd7123c4e77f7ed18c57085ff403fb9d6301cbf 0 0 0 0
77f979d3346a669a4d2d04b171013d0e0ab5df0e2ef24aab9f02caac3501ac50 0 0 0 0
0686586aabc0e409403dfab72c8d9b4022b2da512828bc2342a2c7c5251df9c4 0 0 0 0
53fdea706bdfec85b41b51332babb99e5dafa910755f9b54c1b9f1c98998b5a1 0 0 0 0
d22f41d66f522b793c38ae06330f15d0eb41eebac07929a71bd75398d0573bdd 0 0 0 0
3dc45d726c5112ce98641b476a644a1b99980f9584418fc70932ed0bcd975ab3 0 0 0 0
b998f5c7eac7f532e7547052f0901b843cf9da8a95029cc175f2a68abc66d372 0 0 0 0
2af0e13bad7de65f16756ba49886273eca9c37275a5a6362aa5ce4070c020c8a 0 0 0 0
86a05596b84bff5bf9fab214bda325375fd1c423d298199b41f211490ce8afd0 0 0 0 0
ba98209f364293446e6cf360db13a46a572e2c956be68228b46144001b516641 0 0 0 0
aaed9b12c0bdcd77da901887cf88f3ec29849e34e19f5695ba333d362da5b651 0 0 0 0
98090166e6c412159d59163c92cbf981a67af0622dacc65aa0fa5702622893c1 0 0 0 0
a8188dc51742fc504da419220374606ed49e43648aec0e96412fc53be3fe3a5b 0 0 0 0
1f999744c0022d2dd2de103547620d242b353c0d5abe268d0a11bbf1837b8cbd 0 0 0 0
6c7bac800c9606c0dc90ebdc69949c68c4163078864ab87df0030370fa1268db 0 0 0 0
81be4c114c1a5a960f75ffb0762f776be861851c33829ab0a4fb6e5758ce4cf1 0 0 0 0
783a47ff4ad874ba2ec193d78e23dc2e6985a9f57a1ccb4eccd016aff99fc266 0 0 0 0
d83d44a38317952c177ae980b406938517244d82a56281875b98907df3cb23a3 0 0 0 0
77e84ac6cf8f84b68c87db99756052cf094339fdc737dd107e2f68c2dd7caaf5 0 0 0 0
28fe2246e2a4d50ff726a8b196f1728e8b130c1b0d21005d17f82b29f54dfe7f 0 0 0 0
814eb13a809d8ecabfa772de8c153950ac68e70083acdcc99ce7ac4112506beb 0 0 0 0
e94dc723199941a00a47b098c6d78e9c7c8e96c6b639f4b47fb28c95056fa6b1 0 0 0 0
e7a00b40a6d68721f19c71c320cd8cb06bcc68cda94dbaef8076553c3a8de636 0 0 0 0
0f9ef73a8ca5b4fc8df66957e8f045f650868dad122ce5b0a2f94344c0e9e894 0 0 0 0
7f48cd64d8279ca9ccb6e18f977d563d8690d3210eb4b1e10f9b2e4ba8b5c7e0 0 0 0 0
02f4270eabf27c8422031229a9033e6dbe558bf97c260b768f67d1d55c35b431 0 0 0 0
0f525c13b367dc9ed66b2e01605465e6f137a90ba85f2ba62eacf1f2ec86665c 0 0 0 0
58dea061bfe06477205c9d6a7da3b056cc91885177090b81a2c61407a7bb67ff 0 0 0 0
03f9ecc59f9e5b1bfae2ae6cb22528c9d6c43d0ac791a875732c599585a227d1 0 0 0 0
db0d1257eadac582e5e1b00407741bb8b637bb50ee65ccbfea6408facbfb19b2 0 0 0 0
78973b1fafc14079fcb0247525bc7bae3a7b683b15f6ea9975328b4ee29c2167 0 0 0 0
c76ab00ad437213a5133930ed2944a342c260732402a0f9b371e84d08414d341 0 0 0 0
2baba21ccc9cb887db7c66be54c5c2f6e98214bb92b48a495fb4a437e94fc2f7 0 0 0 0
8e133f40828567a230148b5d09b77650271472b4830e5f69f2f200f775f30ea9 0 0 0 0
f8d787047c926048c259546ffed7fc2e6d4491f982231f47ce350bc341f6e5c1 0 0 0 0
b005f6a2f47d47c15296743fe61ca30ec56ca1c9e0f86814bda2705fd417972c 0 0 0 0
161a4871ce3b29d2455d82c68352a32f654a8ad60c408e0b52a15a3cb0dc61e5 0 0 0 0
0c4599fcb1eb8572b3ba6a419e98c45a5a204bd192c1e72e9b95967111390878 0 0 0 0
008d9f6b8049f0be83743e7146a4b8b5a1127619f6cf1e5caaa894d4d6d64990 0 0 0 0
02e0fc2527ad110ab51a0958aefa17c3b6483b6b449bb52388200ca8eec3b719 0 0 0 0
6615ff2c419aa9debe015a553452a611951e1bceaffaee856ff971ca3bc3730c 0 0 0 0
2d4d60b9ad34f7608917d8b035b36eb9eedad3d501de6f6bdd06cc03e368aafb 0 0 0 0
a371b491eddd8da07675c7e5b7b16ef4043116ccd5c0702243b9c075898f4b6a 0 0 0 0
8116b8681aae8895b21720b7cdd385e82a42c87549066d62699da13ad61a8434 0 0 0 0
fe6b84093dbce63a32da8e8bdfcdf087510b94a0caefb08ab62a476f208579ca 0 0 0 0
2667db5d1bb51fcc5cb42ef91cf48e42f1381f41aa5a7d5f3a02ba12a4fcd3f7 0 0 0 0
36bc8c057c4bc3862df67afa882e17a3603fb90a69e4eac29905887a3667e9c8 0 0 0 0
845299ef4231f2bb4f3f7afdca95a18776316d24bfc5bdac9269dc4321743dbb 0 0 0 0
432ee930bad2c750264497d304c2f595ae9f00b0d248275e75b3c2678ed56ce9 0 0 0 0
a48a0b369ff8c4e3861f97d314f743b0a0666c3e9bd12c5262e4444624a6e1ee 0 0 0 0
086db96b17ee884915c974e1993909e72cf039b53d96148352358c5cedfcb12e 0 0 0 0
9d82b48050d3abf2234cda1e9b55f630115e8623753413480eeefd76eeeb0c2f 0 0 0 0
aacf9c274e71c744d173d35f8f66dcdc2c07cf0caa06bd77a90fcc404bcb2a88 0 0 0 0
ca1ff75ea6f1ff85528e0285a95da7e200905e1bdaa7ed00636843de9a30fc72 0 0 0 0
ab67a2f91ec89e5f4f029e8864d5701005f1bb33ae6019fee55ecd685ca096b5 0 0 0 0
d9f85dbb9302dfb38c32c53826d78389a3c7099bec8e81fe8ae7af4d903ec8c2 0 0 0 0
80637402df030b4177bd43cd689c7adda595939caefdabe0b897734dc0b7b7e1 0 0 0 0
a0a7e78c40860f863c11ba346e78922f62932f22de4ffe6f141295b4efa810fc 0 0 0 0
c6b18894bd5e098221acb0be7229dbb1f23948dd33a4601e3fdce18592f48a43 0 0 0 0
d60233904ec0904fb0bf0014293bbc96a77bf040c1b228271ee9fc2d10cfc860 0 0 0 0
74b141c57a6ae5df4c897a37e5b4e238b58ad92245c2191fb9065b33807c831d 0 0 0 0
465bf18ada552a877eb67e0b146d9616ce509bda6b6e50193aa2147158aa92d8 0 0 0 0
a429a7a7997c4d1b37495898506c6916ab447032b4e52f411f3ed7646781f3b7 0 0 0 0
20e2f4f9bf6c79329b12cba11dda49ec44d934747f93f3ea80088b133c8da176 0 0 0 0
13f3f632facf6d79d2259182e357de1edefb6d99815cce5b5bd7f2de2cedfa56 0 0 0 0
4dc1750e95bf9302192aa42349027c68eff8fd593ff604aaca7dd61400b1b3b7 0 0 0 0
35e632409502df25ee7c7a6fd6ba5a196b2eda68b9070c0676e8885410e2c7fd 0 0 0 0
03cfc2627f0feec2bfcfed0bcccbbe7fb1d523f2c2ca9cbce58259881c3656c0 0 0 0 0
990008deb69b39d6658c455120e4979843433e5a5eb2d866f2d16c27015026a7 0 0 0 0
4cbd0d9dce906f82c363cc4a3ba14616767db9c358218eb112173f3d75d8106c 0 0 0 0
7570d000b1313614848793a0174b9d8b89cc2e02db21895721e3b76c7c2b8d0c 0 0 0 0
a2fdb48f37a80c705e732d008de0e827cf522c801cd983cc17ce458639c1689a 0 0 0 0
b82b4a08addcc07f7ff236c313d7c0c98ca75959c670ddeb4a03a10cfa3056f0 0 0 0 0
4c5d05a4e824c942b0ce3413c24514f966517a3157c0e7b8dd4e12fff219d369 0 0 0 0
27e57613fed70951c1e9cdedd2fb031406db06eace88df54c468b5aabad04a3a 0 0 0 0
619cf063959cb331da1f54d9f2c966673bc6b2bbd1ea1c5b950052fb4a8927df 0 0 0 0
82716c6f3a635fd57854fec845e64966be6215ec1fd9d2f83a31fd67edf2b7f7 0 0 0 0
b7453803dc51dccff47cc20a97c357b800a98161c9d419e003fad500adcd2c9d 0 0 0 0
620618200d52df9313ec52271cfdccc35844c86c011b6b6529176fb1dcf378f8 0 0 0 0
bbecfce894379a73f848c6ec01b54cf50acdabec57644e83d8a0d36cf1ffc3d6 0 0 0 0
854490f28e53955babd681f10ed11cfe01c914a93fffda078874e7e76805e9ae 0 0 0 0
fc0ea16af071c7ebb362c61e847d33da7945185f6ab1ff7678cf2557933a5cf5 0 0 0 0
5bd7cfc21152d7a8af25003304eab4cebded6296e77b78d6b85ca642b6bb6e35 0 0 0 0
3a7842f730c7e7b41063586d86f37a553b7eea64bc53e7a5e78f5d64678fe566 0 0 0 0
21ca0dc1fd1fa72f4fb6554c50e77cbe2d3f592a0babcd4d605bfc053a89fe19 0 0 0 0
b0fd6f02ac209ad6d05012878a63f6850f84b759830cd2ebb471fe4573de7a35 0 0 0 0
5b51bdda42064cdc6544af32aa89f09cd0916a3ffa0456e116ad897efc6ef03a 0 0 0 0
e5f1df1cdcc631c0a8ba9cd8ba2636a1ddfe8f370a8db1c2a636f490e28957e3 0 0 0 0
19f522815a14084bb5fce31938123e670403eb7f9d282b3c04cc10edc386db0c 0 0 0 0
105aabc03ef51ab3386572bf4f1520f413990ee2e871bfb59a77f22fc3c3a187 0 0 0 0
985d1419669ab4cec701744241720cc6bc63dbac9c52312972fd919def6d7518 0 0 0 0
40e3d089bb0db91d4ac03ac60b47eb40ab9624e4401d86eaa79731d62b59b40a 0 0 0 0
5f3d64f76e8f32c21badc7aebc7cd8306d800e3a9b3f2fa11adab3a469550145 0 0 0 0
571bb981f63c85345646c431d0208961016ad74c8095eaf1fc0c99e58f23d3df 0 0 0 0
f0473a6138307d3bdc6684495410022b5ea01e83fa2f724add64d69a91243e13 0 0 0 0
13b4ba9ac143ec3da5f23de9ee3bf57c3e66d34dc36a4677f4e319ce4481c23f 0 0 0 0
53b07581630f472ce253a8fa84fcc8b6f64e49b01c9e449285a0f72da8d1299d 0 0 0 0
9de7edd7f6eb49e957082d70edd634c0cdb51ce9ce0955397b3ad7da5bcc385b 0 0 0 0
bbfc9dc208d611f6265689160da19e20940e6435c0cb406fe0c3c6a8187566ed 0 0 0 0
87e70478e0e7ab5d6b52cad455621f0ada1116354123cc51d16a2c6ca116c260 0 0 0 0
6c4bac356ad66a7491c8907cf1ea3d626a39248828a22565e30aa1e5c1c5e177 0 0 0 0
cf55750274fd9857fd4336abcef256d437846048412edb11f0c1670e0c5cb7d6 0 0 0 0
1ef5515276b8725dfa412628fd7223be3b4af64e4f2f930a63aa8d8912f03686 0 0 0 0
91d6ef2b9b1b6850f33fea5f79176dc9a02fb484927f2048ef92ffaf098681a1 0 0 0 0
c81d43484d940dbd566e4763f19ae872d877d691a2297f197c80770e73aaef0a 0 0 0 0
e3e3a91fb3c56c408a8ceb649df271747288f61efd1ca80a053fe328e45c03ac 0 0 0 0
314c7c0d72a27a0f8597c0e153ecae7a1266d7bbf6031612e533f42d8b3c5927 0 0 0 0
e0f31eddc00e88371a8ad5a91bfe9dfc2ffd0def0cc1a520353fd2754b085f9b 0 0 0 0
2ac1e941ef5b9509aec3627df954e37a46a5e19b1ab1c954a9f425a1b9762324 0 0 0 0
7d1e215d4c823146aa377b707e7e4e4172256b5bb3c6b0319c8f6dbaae4d02ef 0 0 0 0
66a6516f8c2fd82e5c977fb7b9249e79245afb92a816f05bfb5b22ea7e26a15d 0 0 0 0
32dff4c2d91b6f8eea81d8b8cac2f60c9662dae5be7fcdaa378cd3652426a399 0 0 0 0
42814dd3dce5e1039838aa4435d84b8027e7e15c80c84dd2056de44295b76fae 0 0 0 0
7de68fdb493da7e8e28616e4b466c5a26c434b56501f7e4c0f1ace53dd69158e 0 0 0 0
514759e19cee59ab8cbc0f01d08d11dd05075471231eaaca25020e8e906a8cda 0 0 0 0
3b638b04c210219751c689da48eff3c7f31bce985ab8db97704bea2562447c37 0 0 0 0
c9b9f7871d757199ef91c2e065b63f8e58f097f8ab951c49239ac43eddb8a57a 0 0 0 0
8e28f962bfba2d8fbeeb981ac93607a26607a8d1d6e4af7c3ae5d68ee69ae9a2 0 0 0 0
35d1b2bd6282cba20c7ee1c9502caf60d3ddfd10c6767d41dde3f8f26632e6c0 0 0 0 0
36f1985ca0fb26c45cea70fb7d483adeb5cd6e06869a7207d93282d673068e08 0 0 0 0
58620a38ba66036c063ff29143939eb103b2ec5fe75dd63838270e36c7a0d5a8 0 0 0 0
dfe261e7a6e6d0f13010123273f9322b9fa0b8f6260495520261d7ab5f628a22 0 0 0 0
d98fac445136f41412ea5b4d9e941a3f475fa2ad63a8b5d83c5eb784eaeed1e9 0 0 0 0
f8ddc7a8532c57945ba246a7f03753b3de5aa9e72723a3aad6e9d66c68a76476 0 0 0 0
5fe9fe9ca9dd67bb66dad7de0f5fd1e05f25c0f009bdcce09e2f88a524266fc5 0 0 0 0
73669acf435bb369e8e1d89b6c6f36cf846b5f2c64afccc9dd53008b69f1cb07 0 0 0 0
74ad37aa0bc7eb9e435d0f2feb882506c49a70a5ed09ebe5b9409ce2a6d14650 0 0 0 0
ec80a470ec1098dd683c0db840dc9c843cfeb5965f36337b93ed80905490211a 0 0 0 0
eb26db73a8aa928bae3c8deaa93a6c6c4a5916592ce80fed74274e5d86eb0fc1 0 0 0 0
5e43e46a0aa97a323b4caf2ed46a496b743c81517924e2fd8073ea745f857de5 0 0 0 0
1a8816dca0cea6b63e91a4b40d893ff309238b7c5fcf9d3da1eb2607502d89f2 0 0 0 0
7ce900a804665e04abc9bf363cd7123c4e77f7ed18c57085ff403fb9d6301cbf 0 0 0 0
77f979d3346a669a4d2d04b171013d0e0ab5df0e2ef24aab9f02caac3501ac50 0 0 0 0
0686586aabc0e409403dfab72c8d9b4022b2da512828bc2342a2c7c5251df9c4 0 0 0 0
53fdea706bdfec85b41b51332babb99e5dafa910755f9b54c1b9f1c98998b5a1 0 0 0 0
d22f41d66f522b793c38ae06330f15d0eb41eebac07929a71bd75398d0573bdd 0 0 0 0
3dc45d726c5112ce98641b476a644a1b99980f9584418fc70932ed0bcd975ab3 0 0 0 0
b998f5c7eac7f532e7547052f0901b843cf9da8a95029cc175f2a68abc66d372 0 0 0 0
2af0e13bad7de65f16756ba49886273eca9c37275a5a6362aa5ce4070c020c8a 0 0 0 0
86a05596b84bff5bf9fab214bda325375fd1c423d298199b41f211490ce8afd0 0 0 0 0
ba98209f364293446e6cf360db13a46a572e2c956be68228b46144001b516641 0 0 0 0
aaed9b12c0bdcd77da901887cf88f3ec29849e34e19f5695ba333d362da5b651 0 0 0 0
98090166e6c412159d59163c92cbf981a67af0622dacc65aa0fa5702622893c1 0 0 0 0
a8188dc51742fc504da419220374606ed49e43648aec0e96412fc53be3fe3a5b 0 0 0 0
1f999744c0022d2dd2de103547620d242b353c0d5abe268d0a11bbf1837b8cbd 0 0 0 0
6c7bac800c9606c0dc90ebdc69949c68c4163078864ab87df0030370fa1268db 0 0 0 0
81be4c114c1a5a960f75ffb0762f776be861851c33829ab0a4fb6e5758ce4cf1 0 0 0 0
783a47ff4ad874ba2ec193d78e23dc2e6985a9f57a1ccb4eccd016aff99fc266 0 0 0 0
d83d44a38317952c177ae980b406938517244d82a56281875b98907df3cb23a3 0 0 0 0
77e84ac6cf8f84b68c87db99756052cf094339fdc737dd107e2f68c2dd7caaf5 0 0 0 0
28fe2246e2a4d50ff726a8b196f1728e8b130c1b0d21005d17f82b29f54dfe7f 0 0 0 0
814eb13a809d8ecabfa772de8c153950ac68e70083acdcc99ce7ac4112506beb 0 0 0 0
e94dc723199941a00a47b098c6d78e9c7c8e96c6b639f4b47fb28c95056fa6b1 0 0 0 0
e7a00b40a6d68721f19c71c320cd8cb06bcc68cda94dbaef8076553c3a8de636 0 0 0 0
0f9ef73a8ca5b4fc8df66957e8f045f650868dad122ce5b0a2f94344c0e9e894 0 0 0 0
7f48cd64d8279ca9ccb6e18f977d563d8690d3210eb4b1e10f9b2e4ba8b5c7e0 0 0 0 0
02f4270eabf27c8422031229a9033e6dbe558bf97c260b768f67d1d55c35b431 0 0 0 0
0f525c13b367dc9ed66b2e01605465e6f137a90ba85f2ba62eacf1f2ec86665c 0 0 0 0
58dea061bfe06477205c9d6a7da3b056cc91885177090b81a2c61407a7bb67ff 0 0 0 0
03f9ecc59f9e5b1bfae2ae6cb22528c9d6c43d0ac791a875732c599585a227d1 0 0 0 0
db0d1257eadac582e5e1b00407741bb8b637bb50ee65ccbfea6408facbfb19b2 0 0 0 0
78973b1fafc14079fcb0247525bc7bae3a7b683b15f6ea9975328b4ee29c2167 0 0 0 0
c76ab00ad437213a5133930ed2944a342c260732402a0f9b371e84d08414d341 0 0 0 0
2baba21ccc9cb887db7c66be54c5c2f6e98214bb92b48a495fb4a437e94fc2f7 0 0 0 0
8e133f40828567a230148b5d09b77650271472b4830e5f69f2f200f775f30ea9 0 0 0 0
f8d787047c926048c259546ffed7fc2e6d4491f982231f47ce350bc341f6e5c1 0 0 0 0
b005f6a2f47d47c15296743fe61ca30ec56ca1c9e0f86814bda2705fd417972c 0 0 0 0
161a4871ce3b29d2455d82c68352a32f654a8ad60c408e0b52a15a3cb0dc61e5 0 0 0 0
0c4599fcb1eb8572b3ba6a419e98c45a5a204bd192c1e72e9b95967111390878 0 0 0 0
008d9f6b8049f0be83743e7146a4b8b5a1127619f6cf1e5caaa894d4d6d64990 0 0 0 0
02e0fc2527ad110ab51a0958aefa17c3b6483b6b449bb52388200ca8eec3b719 0 0 0 0
6615ff2c419aa9debe015a553452a611951e1bceaffaee856ff971ca3bc3730c 0 0 0 0
2d4d60b9ad34f7608917d8b035b36eb9eedad3d501de6f6bdd06cc03e368aafb 0 0 0 0
a371b491eddd8da07675c7e5b7b16ef4043116ccd5c0702243b9c075898f4b6a 0 0 0 0
8116b8681aae8895b21720b7cdd385e82a42c87549066d62699da13ad61a8434 0 0 0 0
fe6b84093dbce63a32da8e8bdfcdf087510b94a0caefb08ab62a476f208579ca 0 0 0 0
2667db5d1bb51fcc5cb42ef91cf48e42f1381f41aa5a7d5f3a02ba12a4fcd3f7 0 0 0 0
36bc8c057c4bc3862df67afa882e17a3603fb90a69e4eac29905887a3667e9c8 0 0 0 0
845299ef4231f2bb4f3f7afdca95a18776316d24bfc5bdac9269dc4321743dbb 0 0 0 0
432ee930bad2c750264497d304c2f595ae9f00b0d248275e75b3c2678ed56ce9 0 0 0 0
a48a0b369ff8c4e3861f97d314f743b0a0666c3e9bd12c5262e4444624a6e1ee 0 0 0 0
086db96b17ee884915c974e1993909e72cf039b53d96148352358c5cedfcb12e 0 0 0 0
9d82b48050d3abf2234cda1e9b55f630115e8623753413480eeefd76eeeb0c2f 0 0 0 0
aacf9c274e71c744d173d35f8f66dcdc2c07cf0caa06bd77a90fcc404bcb2a88 0 0 0 0
ca1ff75ea6f1ff85528e0285a95da7e200905e1bdaa7ed00636843de9a30fc72 0 0 0 0
ab67a2f91ec89e5f4f029e8864d5701005f1bb33ae6019fee55ecd685ca096b5 0 0 0 0
d9f85dbb9302dfb38c32c53826d78389a3c7099bec8e81fe8ae7af4d903ec8c2 0 0 0 0
80637402df030b4177bd43cd689c7adda595939caefdabe0b897734dc0b7b7e1 0 0 0 0
a0a7e78c40860f863c11ba346e78922f62932f22de4ffe6f141295b4efa810fc 0 0 0 0
c6b18894bd5e098221acb0be7229dbb1f23948dd33a4601e3fdce18592f48a43 0 0 0 0
d60233904ec0904fb0bf0014293bbc96a77bf040c1b228271ee9fc2d10cfc860 0 0 0 0
74b141c57a6ae5df4c897a37e5b4e238b58ad92245c2191fb9065b33807c831d 0 0 0 0
465bf18ada552a877eb67e0b146d9616ce509bda6b6e50193aa2147158aa92d8 0 0 0 0
a429a7a7997c4d1b37495898506c6916ab447032b4e52f411f3ed7646781f3b7 0 0 0 0
20e2f4f9bf6c79329b12cba11dda49ec44d934747f93f3ea80088b133c8da176 0 0 0 0
13f3f632facf6d79d2259182e357de1edefb6d99815cce5b5bd7f2de2cedfa56 0 0 0 0
4dc1750e95bf9302192aa42349027c68eff8fd593ff604aaca7dd61400b1b3b7 0 0 0 0
35e632409502df25ee7c7a6fd6ba5a196b2eda68b9070c0676e8885410e2c7fd 0 0 0 0
03cfc2627f0feec2bfcfed0bcccbbe7fb1d523f2c2ca9cbce58259881c3656c0 0 0 0 0
990008deb69b39d6658c455120e4979843433e5a5eb2d866f2d16c27015026a7 0 0 0 0
4cbd0d9dce906f82c363cc4a3ba14616767db9c358218eb112173f3d75d8106c 0 0 0 0
7570d000b1313614848793a0174b9d8b89cc2e02db21895721e3b76c7c2b8d0c 0 0 0 0
a2fdb48f37a80c705e732d008de0e827cf522c801cd983cc17ce458639c1689a 0 0 0 0
b82b4a08addcc07f7ff236c313d7c0c98ca75959c670ddeb4a03a10cfa3056f0 0 0 0 0
4c5d05a4e824c942b0ce3413c24514f966517a3157c0e7b8dd4e12fff219d369 0 0 0 0
27e57613fed70951c1e9cdedd2fb031406db06eace88df54c468b5aabad04a3a 0 0 0 0
619cf063959cb331da1f54d9f2c966673bc6b2bbd1ea1c5b950052fb4a8927df 0 0 0 0
82716c6f3a635fd57854fec845e64966be6215ec1fd9d2f83a31fd67edf2b7f7 0 0 0 0
b7453803dc51dccff47cc20a97c357b800a98161c9d419e003fad500adcd2c9d 0 0 0 0
620618200d52df9313ec52271cfdccc35844c86c011b6b6529176fb1dcf378f8 0 0 0 0
bbecfce894379a73f848c6ec01b54cf50acdabec57644e83d8a0d36cf1ffc3d6 0 0 0 0
854490f28e53955babd681f10ed11cfe01c914a93fffda078874e7e76805e9ae 0 0 0 0
fc0ea16af071c7ebb362c61e847d33da7945185f6ab1ff7678cf2557933a5cf5 0 0 0 0
5bd7cfc21152d7a8af25003304eab4cebded6296e77b78d6b85ca642b6bb6e35 0 0 0 0
3a7842f730c7e7b41063586d86f37a553b7eea64bc53e7a5e78f5d64678fe566 0 0 0 0
21ca0dc1fd1fa72f4fb6554c50e77cbe2d3f592a0babcd4d605bfc053a89fe19 0 0 0 0
b0fd6f02ac209ad6d05012878a63f6850f84b759830cd2ebb471fe4573de7a35 0 0 0 0
5b51bdda42064cdc6544af32aa89f09cd0916a3ffa0456e116ad897efc6ef03a 0 0 0 0
e5f1df1cdcc631c0a8ba9cd8ba2636a1ddfe8f370a8db1c2a636f490e28957e3 0 0 0 0
19f522815a14084bb5fce31938123e670403eb7f9d282b3c04cc10edc386db0c 0 0 0 0
105aabc03ef51ab3386572bf4f1520f413990ee2e871bfb59a77f22fc3c3a187 0 0 0 0
985d1419669ab4cec701744241720cc6bc63dbac9c52312972fd919def6d7518 0 0 0 0
40e3d089bb0db91d4ac03ac60b47eb40ab9624e4401d86eaa79731d62b59b40a 0 0 0 0
5f3d64f76e8f32c21badc7aebc7cd8306d800e3a9b3f2fa11adab3a469550145 0 0 0 0
571bb981f63c85345646c431d0208961016ad74c8095eaf1fc0c99e58f23d3df 0 0 0 0
f0473a6138307d3bdc6684495410022b5ea01e83fa2f724add64d69a91243e13 0 0 0 0
13b4ba9ac143ec3da5f23de9ee3bf57c3e66d34dc36a4677f4e319ce4481c23f 0 0 0 0
53b07581630f472ce253a8fa84fcc8b6f64e49b01c9e449285a0f72da8d1299d 0 0 0 0
9de7edd7f6eb49e957082d70edd634c0cdb51ce9ce0955397b3ad7da5bcc385b 0 0 0 0
bbfc9dc208d611f6265689160da19e20940e6435c0cb406fe0c3c6a8187566ed 0 0 0 0
87e70478e0e7ab5d6b52cad455621f0ada1116354123cc51d16a2c6ca116c260 0 0 0 0
6c4bac356ad66a7491c8907cf1ea3d626a39248828a22565e30aa1e5c1c5e177 0 0 0 0
cf55750274fd9857fd4336abcef256d437846048412edb11f0c1670e0c5cb7d6 0 0 0 0
1ef5515276b8725dfa412628fd7223be3b4af64e4f2f930a63aa8d8912f03686 0 0 0 0
91d6ef2b9b1b6850f33fea5f79176dc9a02fb484927f2048ef92ffaf098681a1 0 0 0 0
c81d43484d940dbd566e4763f19ae872d877d691a2297f197c80770e73aaef0a 0 0 0 0
e3e3a91fb3c56c408a8ceb649df271747288f61efd1ca80a053fe328e45c03ac 0 0 0 0
314c7c0d72a27a0f8597c0e153ecae7a1266d7bbf6031612e533f42d8b3c5927 0 0 0 0
e0f31eddc00e88371a8ad5a91bfe9dfc2ffd0def0cc1a520353fd2754b085f9b 0 0 0 0
2ac1e941ef5b9509aec3627df954e37a46a5e19b1ab1c954a9f425a1b9762324 0 0 0 0
7d1e215d4c823146aa377b707e7e4e4172256b5bb3c6b0319c8f6dbaae4d02ef 0 0 0 0
66a6516f8c2fd82e5c977fb7b9249e79245afb92a816f05bfb5b22ea7e26a15d 0 0 0 0
32dff4c2d91b6f8eea81d8b8cac2f60c9662dae5be7fcdaa378cd3652426a399 0 0 0 0
42814dd3dce5e1039838aa4435d84b8027e7e15c80c84dd2056de44295b76fae 0 0 0 0
7de68fdb493da7e8e28616e4b466c5a26c434b56501f7e4c0f1ace53dd69158e 0 0 0 0
514759e19cee59ab8cbc0f01d08d11dd05075471231eaaca25020e8e906a8cda 0 0 0 0
3b638b04c210219751c689da48eff3c7f31bce985ab8db97704bea2562447c37 0 0 0 0
c9b9f7871d757199ef91c2e065b63f8e58f097f8ab951c49239ac43eddb8a57a 0 0 0 0
8e28f962bfba2d8fbeeb981ac93607a26607a8d1d6e4af7c3ae5d68ee69ae9a2 0 0 0 0
35d1b2bd6282cba20c7ee1c9502caf60d3ddfd10c6767d41dde3f8f26632e6c0 0 0 0 0
36f1985ca0fb26c45cea70fb7d483adeb5cd6e06869a7207d93282d673068e08 0 0 0 0
58620a38ba66036c063ff29143939eb103b2ec5fe75dd63838270e36c7a0d5a8 0 0 0 0
dfe261e7a6e6d0f13010123273f9322b9fa0b8f6260495520261d7ab5f628a22 0 0 0 0
d98fac445136f41412ea5b4d9e941a3f475fa2ad63a8b5d83c5eb784eaeed1e9 0 0 0 0
f8ddc7a8532c57945ba246a7f03753b3de5aa9e72723a3aad6e9d66c68a76476 0 0 0 0
5fe9fe9ca9dd67bb66dad7de0f5fd1e05f25c0f009bdcce09e2f88a524266fc5 0 0 0 0
73669acf435bb369e8e1d89b6c6f36cf846b5f2c64afccc9dd53008b69f1cb07 0 0 0 0
74ad37aa0bc7eb9e435d0f2feb882506c49a70a5ed09ebe5b9409ce2a6d14650 0 0 0 0
ec80a470ec1098dd683c0db840dc9c843cfeb5965f36337b93ed80905490211a 0 0 0 0
eb26db73a8aa928bae3c8deaa93a6c6c4a5916592ce80fed74274e5d86eb0fc1 0 0 0 0
5e43e46a0aa97a323b4caf2ed46a496b743c81517924e2fd8073ea745f857de5 0 0 0 0
1a8816dca0cea6b63e91a4b40d893ff309238b7c5fcf9d3da1eb2607502d89f2 0 0 0 0
7ce900a804665e04abc9bf363cd7123c4e77f7ed18c57085ff403fb9d6301cbf 0 0 0 0
77f979d3346a669a4d2d04b171013d0e0ab5df0e2ef24aab9f02caac3501ac50 0 0 0 0
0686586aabc0e409403dfab72c8d9b4022b2da512828bc2342a2c7c5251df9c4 0 0 0 0
53fdea706bdfec85b41b51332babb99e5dafa910755f9b54c1b9f1c98998b5a1 0 0 0 0
d22f41d66f522b793c38ae06330f15d0eb41eebac07929a71bd75398d0573bdd 0 0 0 0
3dc45d726c5112ce98641b476a644a1b99980f9584418fc70932ed0bcd975ab3 0 0 0 0
b998f5c7eac7f532e7547052f0901b843cf9da8a95029cc175f2a68abc66d372 0 0 0 0
2af0e13bad7de65f16756ba49886273eca9c37275a5a6362aa5ce4070c020c8a 0 0 0 0
86a05596b84bff5bf9fab214bda325375fd1c423d298199b41f211490ce8afd0 0 0 0 0
ba98209f364293446e6cf360db13a46a572e2c956be68228b46144001b516641 0 0 0 0
aaed9b12c0bdcd77da901887cf88f3ec29849e34e19f5695ba333d362da5b651 0 0 0 0
98090166e6c412159d59163c92cbf981a67af0622dacc65aa0fa5702622893c1 0 0 0 0
a8188dc51742fc504da419220374606ed49e43648aec0e96412fc53be3fe3a5b 0 0 0 0
1f999744c0022d2dd2de103547620d242b353c0d5abe268d0a11bbf1837b8cbd 0 0 0 0
6c7bac800c9606c0dc90ebdc69949c68c4163078864ab87df0030370fa1268db 0 0 0 0
81be4c114c1a5a960f75ffb0762f776be861851c33829ab0a4fb6e5758ce4cf1 0 0 0 0
783a47ff4ad874ba2ec193d78e23dc2e6985a9f57a1ccb4eccd016aff99fc266 0 0 0 0
d83d44a38317952c177ae980b406938517244d82a56281875b98907df3cb23a3 0 0 0 0
77e84ac6cf8f84b68c87db99756052cf094339fdc737dd107e2f68c2dd7caaf5 0 0 0 0
28fe2246e2a4d50ff726a8b196f1728e8b130c1b0d21005d17f82b29f54dfe7f 0 0 0 0
814eb13a809d8ecabfa772de8c153950ac68e70083acdcc99ce7ac4112506beb 0 0 0 0
e94dc723199941a00a47b098c6d78e9c7c8e96c6b639f4b47fb28c95056fa6b1 0 0 0 0
e7a00b40a6d68721f19c71c320cd8cb06bcc68cda94dbaef8076553c3a8de636 0 0 0 0
0f9ef73a8ca5b4fc8df66957e8f045f650868dad122ce5b0a2f94344c0e9e894 0 0 0 0
7f48cd64d8279ca9ccb6e18f977d563d8690d3210eb4b1e10f9b2e4ba8b5c7e0 0 0 0 0
02f4270eabf27c8422031229a9033e6dbe558bf97c260b768f67d1d55c35b431 0 0 0 0
0f525c13b367dc9ed66b2e01605465e6f137a90ba85f2ba62eacf1f2ec86665c 0 0 0 0
58dea061bfe06477205c9d6a7da3b056cc91885177090b81a2c61407a7bb67ff 0 0 0 0
03f9ecc59f9e5b1bfae2ae6cb22528c9d6c43d0ac791a875732c599585a227d1 0 0 0 0
db0d1257eadac582e5e1b00407741bb8b637bb50ee65ccbfea6408facbfb19b2 0 0 0 0
78973b1fafc14079fcb0247525bc7bae3a7b683b15f6ea9975328b4ee29c2167 0 0 0 0
c76ab00ad437213a5133930ed2944a342c260732402a0f9b371e84d08414d341 0 0 0 0
2baba21ccc9cb887db7c66be54c5c2f6e98214bb92b48a495fb4a437e94fc2f7 0 0 0 0
8e133f40828567a230148b5d09b77650271472b4830e5f69f2f200f775f30ea9 0 0 0 0
f8d787047c926048c259546ffed7fc2e6d4491f982231f47ce350bc341f6e5c1 0 0 0 0
b005f6a2f47d47c15296743fe61ca30ec56ca1c9e0f86814bda2705fd417972c 0 0 0 0
161a4871ce3b29d2455d82c68352a32f654a8ad60c408e0b52a15a3cb0dc61e5 0 0 0 0
0c4599fcb1eb8572b3ba6a419e98c45a5a204bd192c1e72e9b95967111390878 0 0 0 0
008d9f6b8049f0be83743e7146a4b8b5a1127619f6cf1e5caaa894d4d6d64990 0 0 0 0
02e0fc2527ad110ab51a0958aefa17c3b6483b6b449bb52388200ca8eec3b719 0 0 0 0
6615ff2c419aa9debe015a553452a611951e1bceaffaee856ff971ca3bc3730c 0 0 0 0
2d4d60b9ad34f7608917d8b035b36eb9eedad3d501de6f6bdd06cc03e368aafb 0 0 0 0
a371b491eddd8da07675c7e5b7b16ef4043116ccd5c0702243b9c075898f4b6a 0 0 0 0
8116b8681aae8895b21720b7cdd385e82a42c87549066d62699da13ad61a8434 0 0 0 0
fe6b84093dbce63a32da8e8bdfcdf087510b94a0caefb08ab62a476f208579ca 0 0 0 0
2667db5d1bb51fcc5cb42ef91cf48e42f1381f41aa5a7d5f3a02ba12a4fcd3f7 0 0 0 0
36bc8c057c4bc3862df67afa882e17a3603fb90a69e4eac29905887a3667e9c8 0 0 0 0
845299ef4231f2bb4f3f7afdca95a18776316d24bfc5bdac9269dc4321743dbb 0 0 0 0
432ee930bad2c750264497d304c2f595ae9f00b0d248275e75b3c2678ed56ce9 0 0 0 0
a48a0b369ff8c4e3861f97d314f743b0a0666c3e9bd12c5262e4444624a6e1ee 0 0 0 0
086db96b17ee884915c974e1993909e72cf039b53d96148352358c5cedfcb12e 0 0 0 0
9d82b48050d3abf2234cda1e9b55f630115e8623753413480eeefd76eeeb0c2f 0 0 0 0
aacf9c274e71c744d173d35f8f66dcdc2c07cf0caa06bd77a90fcc404bcb2a88 0 0 0 0
ca1ff75ea6f1ff85528e0285a95da7e200905e1bdaa7ed00636843de9a30fc72 0 0 0 0
ab67a2f91ec89e5f4f029e8864d5701005f1bb33ae6019fee55ecd685ca096b5 0 0 0 0
d9f85dbb9302dfb38c32c53826d78389a3c7099bec8e81fe8ae7af4d903ec8c2 0 0 0 0
80637402df030b4177bd43cd689c7adda595939caefdabe0b897734dc0b7b7e1 0 0 0 0
a0a7e78c40860f863c11ba346e78922f62932f22de4ffe6f141295b4efa810fc 0 0 0 0
c6b18894bd5e098221acb0be7229dbb1f23948dd33a4601e3fdce18592f48a43 0 0 0 0
d60233904ec0904fb0bf0014293bbc96a77bf040c1b228271ee9fc2d10cfc860 0 0 0 0
74b141c57a6ae5df4c897a37e5b4e238b58ad92245c2191fb9065b33807c831d 0 0 0 0
465bf18ada552a877eb67e0b146d9616ce509bda6b6e50193aa2147158aa92d8 0 0 0 0
a429a7a7997c4d1b37495898506c6916ab447032b4e52f411f3ed7646781f3b7 0 0 0 0
20e2f4f9bf6c79329b12cba11dda49ec44d934747f93f3ea80088b133c8da176 0 0 0 0
13f3f632facf6d79d2259182e357de1edefb6d99815cce5b5bd7f2de2cedfa56 0 0 0 0
4dc1750e95bf9302192aa42349027c68eff8fd593ff604aaca7dd61400b1b3b7 0 0 0 0
35e632409502df25ee7c7a6fd6ba5a196b2eda68b9070c0676e8885410e2c7fd 0 0 0 0
03cfc2627f0feec2bfcfed0bcccbbe7fb1d523f2c2ca9cbce58259881c3656c0 0 0 0 0
990008deb69b39d6658c455120e4979843433e5a5eb2d866f2d16c27015026a7 0 0 0 0
4cbd0d9dce906f82c363cc4a3ba14616767db9c358218eb112173f3d75d8106c 0 0 0 0
7570d000b1313614848793a0174b9d8b89cc2e02db21895721e3b76c7c2b8d0c 0 0 0 0
a2fdb48f37a80c705e732d008de0e827cf522c801cd983cc17ce458639c1689a 0 0 0 0
b82b4a08addcc07f7ff236c313d7c0c98ca75959c670ddeb4a03a10cfa3056f0 0 0 0 0
4c5d05a4e824c942b0ce3413c24514f966517a3157c0e7b8dd4e12fff219d369 0 0 0 0
27e57613fed70951c1e9cdedd2fb031406db06eace88df54c468b5aabad04a3a 0 0 0 0
619cf063959cb331da1f54d9f2c966673bc6b2bbd1ea1c5b950052fb4a8927df 0 0 0 0
82716c6f3a635fd57854fec845e64966be6215ec1fd9d2f83a31fd67edf2b7f7 0 0 0 0
b7453803dc51dccff47cc20a97c357b800a98161c9d419e003fad500adcd2c9d 0 0 0 0
620618200d52df9313ec52271cfdccc35844c86c011b6b6529176fb1dcf378f8 0 0 0 0
bbecfce894379a73f848c6ec01b54cf50acdabec57644e83d8a0d36cf1ffc3d6 0 0 0 0
854490f28e53955babd681f10ed11cfe01c914a93fffda078874e7e76805e9ae 0 0 0 0
fc0ea16af071c7ebb362c61e847d33da7945185f6ab1ff7678cf2557933a5cf5 0 0 0 0
5bd7cfc21152d7a8af25003304eab4cebded6296e77b78d6b85ca642b6bb6e35 0 0 0 0
3a7842f730c7e7b41063586d86f37a553b7eea64bc53e7a5e78f5d64678fe566 0 0 0 0
21ca0dc1fd1fa72f4fb6554c50e77cbe2d3f592a0babcd4d605bfc053a89fe19 0 0 0 0
b0fd6f02ac209ad6d05012878a63f6850f84b759830cd2ebb471fe4573de7a35 0 0 0 0
5b51bdda42064cdc6544af32aa89f09cd0916a3ffa0456e116ad897efc6ef03a 0 0 0 0
e5f1df1cdcc631c0a8ba9cd8ba2636a1ddfe8f370a8db1c2a636f490e28957e3 0 0 0 0
19f522815a14084bb5fce31938123e670403eb7f9d282b3c04cc10edc386db0c 0 0 0 0
105aabc03ef51ab3386572bf4f1520f413990ee2e871bfb59a77f22fc3c3a187 0 0 0 0
985d1419669ab4cec701744241720cc6bc63dbac9c52312972fd919def6d7518 0 0 0 0
40e3d089bb0db91d4ac03ac60b47eb40ab9624e4401d86eaa79731d62b59b40a 0 0 0 0
5f3d64f76e8f32c21badc7aebc7cd8306d800e3a9b3f2fa11adab3a469550145 0 0 0 0
571bb981f63c85345646c431d0208961016ad74c8095eaf1fc0c99e58f23d3df 0 0 0 0
f0473a6138307d3bdc6684495410022b5ea01e83fa2f724add64d69a91243e13 0 0 0 0
13b4ba9ac143ec3da5f23de9ee3bf57c3e66d34dc36a4677f4e319ce4481c23f 0 0 0 0
53b07581630f472ce253a8fa84fcc8b6f64e49b01c9e449285a0f72da8d1299d 0 0 0 0
9de7edd7f6eb49e957082d70edd634c0cdb51ce9ce0955397b3ad7da5bcc385b 0 0 0 0
bbfc9dc208d611f6265689160da19e20940e6435c0cb406fe0c3c6a8187566ed 0 0 0 0
87e70478e0e7ab5d6b52cad455621f0ada1116354123cc51d16a2c6ca116c260 0 0 0 0
6c4bac356ad66a7491c8907cf1ea3d626a39248828a22565e30aa1e5c1c5e177 0 0 0 0
cf55750274fd9857fd4336abcef256d437846048412edb11f0c1670e0c5cb7d6 0 0 0 0
1ef5515276b8725dfa412628fd7223be3b4af64e4f2f930a63aa8d8912f03686 0 0 0 0
91d6ef2b9b1b6850f33fea5f79176dc9a02fb484927f2048ef92ffaf098681a1 0 0 0 0
c81d43484d940dbd566e4763f19ae872d877d691a2297f197c80770e73aaef0a 0 0 0 0
e3e3a91fb3c56c408a8ceb649df271747288f61efd1ca80a053fe328e45c03ac 0 0 0 0
314c7c0d72a27a0f8597c0e153ecae7a1266d7bbf6031612e533f42d8b3c5927 0 0 0 0
e0f31eddc00e88371a8ad5a91bfe9dfc2ffd0def0cc1a520353fd2754b085f9b 0 0 0 0
2ac1e941ef5b9509aec3627df954e37a46a5e19b1ab1c954a9f425a1b9762324 0 0 0 0
7d1e215d4c823146aa377b707e7e4e4172256b5bb3c6b0319c8f6dbaae4d02ef 0 0 0 0
66a6516f8c2fd82e5c977fb7b9249e79245afb92a816f05bfb5b22ea7e26a15d 0 0 0 0
32dff4c2d91b6f8eea81d8b8cac2f60c9662dae5be7fcdaa378cd3652426a399 0 0 0 0
42814dd3dce5e1039838aa4435d84b8027e7e15c80c84dd2056de44295b76fae 0 0 0 0
7de68fdb493da7e8e28616e4b466c5a26c434b56501f7e4c0f1ace53dd69158e 0 0 0 0
514759e19cee59ab8cbc0f01d08d11dd05075471231eaaca25020e8e906a8cda 0 0 0 0
3b638b04c210219751c689da48eff3c7f31bce985ab8db97704bea2562447c37 0 0 0 0
c9b9f7871d757199ef91c2e065b63f8e58f097f8ab951c49239ac43eddb8a57a 0 0 0 0
8e28f962bfba2d8fbeeb981ac93607a26607a8d1d6e4af7c3ae5d68ee69ae9a2 0 0 0 0
35d1b2bd6282cba20c7ee1c9502caf60d3ddfd10c6767d41dde3f8f26632e6c0 0 0 0 0
36f1985ca0fb26c45cea70fb7d483adeb5cd6e06869a7207d93282d673068e08 0 0 0 0
58620a38ba66036c063ff29143939eb103b2ec5fe75dd63838270e36c7a0d5a8 0 0 0 0
dfe261e7a6e6d0f13010123273f9322b9fa0b8f6260495520261d7ab5f628a22 0 0 0 0
d98fac445136f41412ea5b4d9e941a3f475fa2ad63a8b5d83c5eb784eaeed1e9 0 0 0 0
f8ddc7a8532c57945ba246a7f03753b3de5aa9e72723a3aad6e9d66c68a76476 0 0 0 0
5fe9fe9ca9dd67bb66dad7de0f5fd1e05f25c0f009bdcce09e2f88a524266fc5 0 0 0 0
73669acf435bb369e8e1d89b6c6f36cf846b5f2c64afccc9dd53008b69f1cb07 0 0 0 0
74ad37aa0bc7eb9e435d0f2feb882506c49a70a5ed09ebe5b9409ce2a6d14650 0 0 0 0
ec80a470ec1098dd683c0db840dc9c843cfeb5965f36337b93ed80905490211a 0 0 0 0
